1.004358833816198227e-01 1.280168813469907962e-01 7.322254248996425474e+01
9.067645333233470550e-02 1.209169408089928177e-01 7.325598787698163505e+01
4.431916059823037823e-02 7.137690626857984277e-02 7.364346699649807704e+01
8.462835583700306641e-02 1.142060381086933418e-01 7.329847133960622330e+01
7.891166094415535959e-02 1.078530502190765128e-01 7.334102697818659067e+01
7.349985644559287046e-02 1.018300876743748473e-01 7.338364818870027761e+01
4.625422000455414739e-02 6.500490907225861537e-02 7.371975340562428869e+01
6.836918464825442188e-02 9.611208525851880347e-02 7.342632922154741948e+01
1.594521679088273247e-03 1.622144666601432750e-02 7.439209547121024002e+01
5.742176284811995046e-04 8.727040704749694511e-03 7.458323389262353942e+01
6.349829370141410467e-02 9.067645333233470550e-02 7.346906505179261160e+01
5.886794057910910150e-02 8.550277957126789508e-02 7.351185127183207157e+01
5.886794057910910150e-02 8.300832972218211148e-02 7.353602586357926896e+01
5.446073700486700475e-02 8.057257281072185973e-02 7.355468400216336988e+01
5.026093124588337790e-02 7.586904222307450096e-02 7.359755981685044901e+01
4.625422000455414739e-02 7.137690626857984277e-02 7.364047568098160923e+01
1.841913469820447014e-02 4.647197605027855727e-02 7.395719120232449484e+01
3.876915504822481262e-02 5.712841253791708929e-02 7.380212459344068066e+01
4.242758567294757643e-02 6.708222683955747390e-02 7.368342889796444695e+01
3.876915504822481262e-02 6.297226480533177351e-02 7.372641706492841251e+01
2.869904188532815259e-02 6.297226480533177351e-02 7.380312580132124367e+01
2.561358633710056343e-02 5.903535380412608391e-02 7.384529783942750214e+01
2.265032704820868492e-02 5.526078964833094909e-02 7.388755285802201911e+01
1.429163875330972944e-02 6.884237248026142675e-04 7.475472708578391234e+01
5.512489233419459733e-03 4.793468898625613539e-03 7.465120926856604910e+01
3.028997990238299631e-02 5.343128151159351469e-02 7.383402684181962172e+01
1.264142267814238885e-02 1.086289714436750042e-03 7.471206252200974518e+01
3.585358851004527558e-03 6.730679073822076752e-03 7.461070176658002140e+01
1.094081832587069647e-02 6.884237248026142675e-04 7.477358929925928521e+01
2.869904188532815259e-02 5.712841253791708929e-02 7.381341765710989478e+01
3.526807627832884151e-02 5.903535380412608391e-02 7.376943803484012108e+01
9.187482055699108807e-03 1.086289714436750042e-03 7.473266109899402920e+01
3.191441135137584872e-02 5.526078964833094909e-02 7.381248988420119872e+01
2.121227474624648446e-02 4.481660727549974244e-02 7.394645891747977373e+01
7.378922595915812788e-03 2.912819604456801104e-03 7.469186517076772702e+01
2.869904188532815259e-02 5.163873313519420916e-02 7.385557088540754478e+01
5.512489233419459733e-03 3.846230099724429197e-03 7.468267141842548540e+01
3.191441135137584872e-02 6.297226480533177351e-02 7.376324465912732364e+01
4.793468898625613539e-03 1.852066723024306527e-02 7.435765395992703475e+01
2.561358633710056343e-02 4.988203572632288196e-02 7.388147104253876307e+01
2.869904188532815259e-02 5.903535380412608391e-02 7.380629505620865416e+01
4.632343893629792264e-04 3.846230099724429197e-03 7.479839776527522588e+01
2.561358633710056343e-02 5.526078964833094909e-02 7.384937460819328692e+01
1.980214578995342922e-02 4.319307251562054528e-02 7.396812846429199340e+01
1.594521679088273247e-03 2.912819604456801104e-03 7.479083413588003282e+01
1.980214578995342922e-02 4.988203572632288196e-02 7.393109062262281839e+01
1.573139616140933894e-02 4.481660727549974244e-02 7.399537779653378777e+01
2.265032704820868492e-02 4.319307251562054528e-02 7.396180854312422071e+01
5.512489233419459733e-03 6.730679073822076752e-03 7.459318388073310757e+01
4.632343893629792264e-04 1.925947325340654492e-04 7.498565204030111886e+01
1.594521679088273247e-03 6.884237248026142675e-04 7.496830619631769821e+01
1.429163875330972944e-02 1.992936797526406734e-03 7.469492739131416670e+01
5.742176284811995046e-04 1.509942703067071457e-02 7.441226645409348350e+01
1.264142267814238885e-02 2.912819604456801104e-03 7.467011604839251504e+01
2.598099433783765400e-03 8.727040704749694511e-03 7.455983914239911314e+01
1.594521679088273247e-03 1.290839656165324034e-02 7.445724709351465265e+01
1.094081832587069647e-02 4.793468898625613539e-03 7.462699198628050112e+01
2.121227474624648446e-02 4.160046222735808152e-02 7.398323878436578127e+01
1.594521679088273247e-03 3.846230099724429197e-03 7.475013498863550865e+01
9.187482055699108807e-03 6.730679073822076752e-03 7.458389781394463114e+01
4.632343893629792264e-04 2.912819604456801104e-03 7.484303121893731259e+01
4.632343893629792264e-04 4.793468898625613539e-03 7.475527213456771847e+01
2.561358633710056343e-02 5.163873313519420916e-02 7.386745050514340960e+01
7.378922595915812788e-03 8.727040704749694511e-03 7.454083483114361286e+01
2.411714039621015715e-02 5.163873313519420916e-02 7.387837239529004307e+01
5.512489233419459733e-03 1.078530502190766516e-02 7.449780444073269337e+01
4.632343893629792264e-04 1.086289714436750042e-03 7.493669005286771778e+01
2.121227474624648446e-02 5.163873313519420916e-02 7.390968317918949992e+01
1.594521679088273247e-03 8.727040704749694511e-03 7.457035171990571598e+01
4.632343893629792264e-04 1.078530502190766516e-02 7.453016893229475670e+01
1.594521679088273247e-03 1.078530502190766516e-02 7.451019844226782141e+01
9.187482055699108807e-03 6.884237248026142675e-04 7.479487401840489724e+01
1.594521679088273247e-03 1.399521723080873747e-02 7.443358062222043259e+01
7.378922595915812788e-03 1.086289714436750042e-03 7.475520016006568369e+01
7.378922595915812788e-03 6.884237248026142675e-04 7.482456543245083935e+01
5.512489233419459733e-03 2.912819604456801104e-03 7.471571834554978864e+01
1.518270339712995964e-03 1.969878024662471971e-02 7.432735577007370864e+01
1.573139616140933894e-02 3.699958806126651956e-02 7.404975779870623853e+01
5.512489233419459733e-03 1.086289714436750042e-03 7.478642827155795203e+01
3.585358851004527558e-03 4.793468898625613539e-03 7.467644020485123235e+01
3.585358851004527558e-03 2.912819604456801104e-03 7.474855739671281185e+01
4.632343893629792264e-04 1.290839656165324034e-02 7.446887303794417790e+01
1.594521679088273247e-03 6.730679073822076752e-03 7.463737830789003169e+01
1.594521679088273247e-03 4.793468898625613539e-03 7.471096931877063696e+01
4.632343893629792264e-04 1.183855746545331433e-02 7.449861481160641574e+01
4.632343893629792264e-04 8.727040704749694511e-03 7.459854625741763812e+01
1.706246667486976953e-02 4.647197605027855727e-02 7.397393825929815137e+01
4.632343893629792264e-04 6.730679073822076752e-03 7.467368189687447000e+01
4.632343893629792264e-04 2.852429354478208667e-02 7.426915301478334186e+01
7.073548131378976089e-03 3.699958806126651956e-02 7.414215161274910315e+01
4.632343893629792264e-04 1.509942703067071457e-02 7.441500266696382937e+01
4.793468898625613539e-03 2.089652847994608043e-02 7.430590517375743786e+01
3.585358851004527558e-03 1.290839656165324034e-02 7.445480815879977854e+01
1.064912692819669493e-02 4.160046222735808152e-02 7.407890279259437705e+01
1.594521679088273247e-03 1.509942703067071457e-02 7.441184762598477676e+01
3.682913065431114852e-03 2.589402972932139391e-02 7.423653096536385476e+01
4.793468898625613539e-03 2.335292739913055748e-02 7.426267774134497301e+01
3.682913065431114852e-03 2.211440693567620630e-02 7.428422997358019586e+01
3.682913065431114852e-03 2.987434045891235179e-02 7.421028315462316982e+01
5.923508167490210141e-03 2.461261915255849586e-02 7.424113284206949004e+01
1.980214578995342922e-02 5.163873313519420916e-02 7.392988500902629312e+01
7.073548131378976089e-03 2.589402972932139391e-02 7.421959545162187055e+01
4.793468898625613539e-03 3.407175904648099274e-02 7.418441469121809462e+01
4.632343893629792264e-04 2.589402972932139391e-02 7.427491448903404603e+01
2.265032704820868492e-02 4.816012440475594958e-02 7.391083394353468350e+01
3.682913065431114852e-03 2.335292739913055748e-02 7.426604922614306759e+01
1.314320349634734431e-02 4.160046222735808152e-02 7.403828678459919388e+01
1.314320349634734431e-02 3.264740979604477400e-02 7.411202785765158296e+01
1.841913469820447014e-02 4.160046222735808152e-02 7.398980140701978314e+01
1.064912692819669493e-02 3.850454690064225582e-02 7.408123378923666280e+01
1.706246667486976953e-02 4.319307251562054528e-02 7.398670095441470096e+01
3.682913065431114852e-03 2.852429354478208667e-02 7.421654291916991042e+01
1.064912692819669493e-02 3.407175904648099274e-02 7.410618441621885211e+01
1.841913469820447014e-02 3.850454690064225582e-02 7.402613007687610036e+01
1.841913469820447014e-02 4.003790118981756518e-02 7.400656282545685372e+01
2.561358633710056343e-02 4.816012440475594958e-02 7.389867948301687761e+01
1.064912692819669493e-02 3.699958806126651956e-02 7.408677081889285887e+01
1.442520547063039227e-02 4.319307251562054528e-02 7.401682740173093578e+01
5.923508167490210141e-03 3.407175904648099274e-02 7.416387827416622258e+01
1.314320349634734431e-02 3.699958806126651956e-02 7.406275558407430992e+01
4.793468898625613539e-03 2.589402972932139391e-02 7.422841853549525126e+01
2.265032704820868492e-02 4.481660727549974244e-02 7.394181427330588008e+01
1.518270339712995964e-03 2.211440693567620630e-02 7.429356135474429834e+01
5.923508167490210141e-03 2.589402972932139391e-02 7.422275138990744381e+01
4.632343893629792264e-04 1.736171052307086682e-02 7.436892462014206728e+01
8.244124523194285015e-03 3.699958806126651956e-02 7.412120392556575155e+01
7.073548131378976089e-03 3.124849535365206710e-02 7.416019982878337657e+01
1.188472449406949294e-02 3.124849535365206710e-02 7.413352477753154801e+01
4.632343893629792264e-04 2.335292739913055748e-02 7.429045590109713260e+01
1.064912692819669493e-02 2.987434045891235179e-02 7.415503021147878826e+01
1.980214578995342922e-02 4.647197605027855727e-02 7.394335918579392342e+01
1.980214578995342922e-02 4.003790118981756518e-02 7.400467939717348997e+01
1.064912692819669493e-02 2.852429354478208667e-02 7.417629136146001656e+01
1.442520547063039227e-02 3.407175904648099274e-02 7.409053968145180136e+01
3.682913065431114852e-03 2.461261915255849586e-02 7.425012979022346826e+01
8.244124523194285015e-03 3.552224314554905393e-02 7.412421674601628752e+01
1.706246667486976953e-02 3.552224314554905393e-02 7.406969994060582962e+01
2.591341092633092646e-03 2.589402972932139391e-02 7.424702504617161480e+01
1.064912692819669493e-02 3.124849535365206710e-02 7.413621355571194727e+01
3.682913065431114852e-03 3.264740979604477400e-02 7.420557357211076521e+01
2.591341092633092646e-03 2.335292739913055748e-02 7.427184407038249958e+01
1.841913469820447014e-02 4.481660727549974244e-02 7.396502837194285007e+01
4.632343893629792264e-04 2.461261915255849586e-02 7.428149448643853248e+01
1.706246667486976953e-02 3.699958806126651956e-02 7.404759053317835082e+01
1.188472449406949294e-02 4.003790118981756518e-02 7.405975566841006241e+01
1.314320349634734431e-02 4.003790118981756518e-02 7.404355503815186523e+01
1.314320349634734431e-02 3.850454690064225582e-02 7.405173872373208610e+01
1.706246667486976953e-02 4.816012440475594958e-02 7.397228901567832793e+01
2.591341092633092646e-03 3.124849535365206710e-02 7.422674993504300289e+01
1.518270339712995964e-03 2.719772570741929574e-02 7.425336331820842872e+01
2.121227474624648446e-02 4.319307251562054528e-02 7.396339108913012694e+01
1.442520547063039227e-02 3.699958806126651956e-02 7.405484025466492426e+01
4.793468898625613539e-03 3.124849535365206710e-02 7.418875452139351978e+01
8.244124523194285015e-03 3.124849535365206710e-02 7.414962327241661910e+01
1.442520547063039227e-02 4.481660727549974244e-02 7.401476010658548432e+01
8.244124523194285015e-03 3.850454690064225582e-02 7.412104859892190234e+01
1.518270339712995964e-03 2.852429354478208667e-02 7.424937561535081443e+01
2.265032704820868492e-02 5.163873313519420916e-02 7.389248175965268217e+01
1.573139616140933894e-02 4.160046222735808152e-02 7.400837689681533504e+01
5.923508167490210141e-03 2.987434045891235179e-02 7.418190151476815686e+01
1.518270339712995964e-03 2.461261915255849586e-02 7.426873897133235403e+01
1.188472449406949294e-02 3.407175904648099274e-02 7.409821583972777148e+01
5.923508167490210141e-03 3.124849535365206710e-02 7.417326555349600881e+01
7.073548131378976089e-03 3.407175904648099274e-02 7.414572111194841852e+01
1.706246667486976953e-02 4.003790118981756518e-02 7.401147770926941405e+01
7.073548131378976089e-03 2.461261915255849586e-02 7.424040091168266997e+01
2.591341092633092646e-03 2.852429354478208667e-02 7.423181948144947739e+01
9.435792381528806949e-03 2.852429354478208667e-02 7.417654394009886687e+01
4.632343893629792264e-04 2.211440693567620630e-02 7.430173787825768272e+01
1.518270339712995964e-03 2.987434045891235179e-02 7.424794325123286853e+01
1.314320349634734431e-02 3.552224314554905393e-02 7.407652643266389703e+01
8.244124523194285015e-03 2.852429354478208667e-02 7.417947260135919407e+01
5.923508167490210141e-03 3.552224314554905393e-02 7.416327384529240874e+01
1.064912692819669493e-02 3.552224314554905393e-02 7.409511359193918167e+01
4.632343893629792264e-04 2.719772570741929574e-02 7.427077891440355017e+01
8.244124523194285015e-03 3.264740979604477400e-02 7.413850126225314341e+01
7.073548131378976089e-03 2.852429354478208667e-02 7.418500519141271354e+01
9.435792381528806949e-03 3.699958806126651956e-02 7.410272089524254113e+01
8.244124523194285015e-03 2.589402972932139391e-02 7.421901903732494077e+01
4.632343893629792264e-04 1.969878024662471971e-02 7.433103031307517483e+01
1.706246667486976953e-02 4.481660727549974244e-02 7.397877338019902993e+01
2.591341092633092646e-03 1.969878024662471971e-02 7.432604107053201403e+01
9.435792381528806949e-03 3.124849535365206710e-02 7.414160422527780270e+01
1.573139616140933894e-02 3.850454690064225582e-02 7.403315733624637573e+01
8.244124523194285015e-03 2.987434045891235179e-02 7.416330314881977870e+01
4.793468898625613539e-03 2.852429354478208667e-02 7.420360629540134312e+01
1.188472449406949294e-02 4.160046222735808152e-02 7.405729395849330388e+01
1.980214578995342922e-02 4.160046222735808152e-02 7.398497398660495605e+01
1.188472449406949294e-02 3.850454690064225582e-02 7.406516020691798019e+01
1.188472449406949294e-02 3.699958806126651956e-02 7.407342454310051494e+01
4.793468898625613539e-03 2.461261915255849586e-02 7.424439796821710047e+01
2.591341092633092646e-03 2.211440693567620630e-02 7.428770508564535646e+01
1.980214578995342922e-02 4.481660727549974244e-02 7.395422750998791628e+01
3.682913065431114852e-03 2.719772570741929574e-02 7.422531414684343076e+01
1.980214578995342922e-02 4.816012440475594958e-02 7.393561510687469251e+01
1.706246667486976953e-02 4.160046222735808152e-02 7.399763118126615780e+01
2.591341092633092646e-03 2.719772570741929574e-02 7.423818878721085923e+01
1.442520547063039227e-02 4.003790118981756518e-02 7.403005616434981562e+01
4.793468898625613539e-03 2.211440693567620630e-02 7.428319907375573905e+01
8.244124523194285015e-03 2.719772570741929574e-02 7.419806575366843049e+01
9.435792381528806949e-03 2.719772570741929574e-02 7.419764907166100443e+01
1.064912692819669493e-02 3.264740979604477400e-02 7.411990844661274025e+01
9.435792381528806949e-03 3.407175904648099274e-02 7.411680584100388103e+01
1.442520547063039227e-02 3.552224314554905393e-02 7.407136368396872683e+01
1.188472449406949294e-02 2.987434045891235179e-02 7.415494626934878397e+01
7.073548131378976089e-03 3.264740979604477400e-02 7.415163422956581485e+01
8.244124523194285015e-03 3.407175904648099274e-02 7.413000793383855580e+01
9.435792381528806949e-03 3.850454690064225582e-02 7.409988664647725898e+01
7.073548131378976089e-03 2.719772570741929574e-02 7.420110957262993168e+01
1.442520547063039227e-02 4.160046222735808152e-02 7.402195542870765621e+01
4.793468898625613539e-03 2.719772570741929574e-02 7.421480030169588815e+01
1.442520547063039227e-02 3.850454690064225582e-02 7.404104493420346955e+01
7.073548131378976089e-03 3.552224314554905393e-02 7.414253460047768840e+01
5.923508167490210141e-03 2.719772570741929574e-02 7.420671032825086399e+01
7.073548131378976089e-03 2.987434045891235179e-02 7.417134645237040047e+01
2.591341092633092646e-03 2.987434045891235179e-02 7.422798357711060646e+01
1.188472449406949294e-02 3.264740979604477400e-02 7.411459167089560651e+01
1.188472449406949294e-02 3.552224314554905393e-02 7.408446874570472573e+01
5.923508167490210141e-03 3.264740979604477400e-02 7.416723377364762371e+01
9.435792381528806949e-03 3.552224314554905393e-02 7.410838676318496709e+01
2.591341092633092646e-03 2.461261915255849586e-02 7.425826411790679060e+01
9.435792381528806949e-03 3.264740979604477400e-02 7.412790259274518689e+01
9.435792381528806949e-03 2.987434045891235179e-02 7.415784056482345932e+01
1.706246667486976953e-02 3.850454690064225582e-02 7.402815747198872032e+01
4.793468898625613539e-03 2.987434045891235179e-02 7.419490181294011677e+01
4.793468898625613539e-03 3.264740979604477400e-02 7.418523456727048426e+01
