8.923094082873228583e-03 4.669120948190719211e-03 9.297326806487353679e+01
7.109094346757421912e-02 9.241920869827846552e-02 9.168228340181588010e+01
2.142353770260746471e-02 4.017260472753655942e-02 9.226288494370888316e+01
5.179316807223785513e-02 1.027263618625745001e-01 9.175166500568411720e+01
6.874007658541142485e-02 8.998718379434345049e-02 9.170216852137322405e+01
1.214289586382609476e-02 4.632343893629792264e-04 9.308853590212443407e+01
4.801200300075020300e-02 1.054583783639541639e-01 9.189612397549366563e+01
1.518747033697200044e-02 2.953119232188994303e-03 9.300535575958144818e+01
6.420428636570907344e-02 8.528348727684276209e-02 9.174220042558710020e+01
5.987703822507350893e-02 8.078210028697652145e-02 9.178255548527897645e+01
1.055583044697344652e-02 4.632343893629792264e-04 9.311191240670667923e+01
5.778717406624384045e-02 7.860323743549868514e-02 9.180284535686435277e+01
9.745293466223700629e-03 2.112164748850425822e-03 9.305742601634204902e+01
5.574427314693841673e-02 7.647024538089408630e-02 9.182320579819970874e+01
9.745293466223700629e-03 1.282275456082060394e-03 9.309137086087508806e+01
5.179316807223785513e-02 7.233619892454704048e-02 9.186412646657356618e+01
2.818886539816767289e-03 4.632343893629792264e-04 9.333459004720177177e+01
3.730255872238741333e-03 4.669120948190719211e-03 9.306788209649172927e+01
4.801200300075020300e-02 6.836918464825442188e-02 9.190529521678698188e+01
8.923094082873228583e-03 6.432136409836308744e-03 9.291696297460232756e+01
1.291989664082687783e-02 4.632343893629792264e-04 9.308010746500373500e+01
3.758515386422364712e-02 6.455927984825060584e-02 9.191661239584604459e+01
8.923094082873228583e-03 4.632343893629792264e-04 9.314429837437775461e+01
3.438483383222043499e-02 6.089733251620810250e-02 9.196105324985325069e+01
1.135495141390981122e-02 3.805361695169706682e-03 9.298226335693566114e+01
7.242686584054774945e-03 2.112164748850425822e-03 9.310477540357133819e+01
3.130879807330472220e-02 5.737488793967199241e-02 9.200551956338182436e+01
1.055583044697344652e-02 5.544632027783436001e-03 9.293542233446234491e+01
2.834994462901441192e-02 5.398412353422132881e-02 9.205000986409578445e+01
2.550170252843583785e-02 5.071779085007163679e-02 9.209452281620903591e+01
7.242686584054774945e-03 1.010715455523841788e-02 9.282387357116041926e+01
1.368618016573108775e-02 4.632343893629792264e-04 9.307379156757662031e+01
2.275798307375009877e-02 4.756916384823361987e-02 9.213905720545697875e+01
1.214289586382609476e-02 2.112164748850425822e-03 9.303052244103032820e+01
2.011313639220616012e-02 4.453199266946952783e-02 9.218361192596329090e+01
1.756191260204431615e-02 4.160046222735808152e-02 9.222818596873392494e+01
1.509942703067071457e-02 4.453199266946952783e-02 9.222320697318602356e+01
1.272112900019878312e-02 4.160046222735808152e-02 9.226779872805016680e+01
8.923094082873228583e-03 8.244124523194285015e-03 9.286801350983317604e+01
5.512489233419459733e-03 4.632343893629792264e-04 9.323772121498974741e+01
1.756191260204431615e-02 5.398412353422132881e-02 9.218403770197267022e+01
2.691238847447710580e-02 4.603701945894636549e-02 9.217773237396762909e+01
6.383948928408572643e-03 2.953119232188994303e-03 9.308510273040786842e+01
1.509942703067071457e-02 4.756916384823361987e-02 9.221792403855747011e+01
1.272112900019878312e-02 4.453199266946952783e-02 9.226182322015054638e+01
7.116533231668581427e-03 4.160046222735808152e-02 9.238375356429430951e+01
1.042277376066705341e-02 4.160046222735808152e-02 9.230577569921122461e+01
3.730255872238741333e-03 2.112164748850425822e-03 9.320213550705148009e+01
8.200397206739706846e-03 3.876915504822481262e-02 9.234977827185483079e+01
6.050293061070161071e-03 3.603301785830612114e-02 9.239382800035168941e+01
1.509942703067071457e-02 3.876915504822481262e-02 9.227277841155139981e+01
3.968992248062019890e-03 3.338733148458306044e-02 9.243792218694086671e+01
1.953244216565952485e-03 3.082768369211932868e-02 9.248205835060159075e+01
1.042277376066705341e-02 3.338733148458306044e-02 9.236201519000832150e+01
1.893603171785315786e-03 4.632343893629792264e-04 9.337230072994488239e+01
9.689922480620172252e-04 2.834994462901441192e-02 9.250738911304895851e+01
8.200397206739706846e-03 3.082768369211932868e-02 9.240665804012262186e+01
0.000000000000000000e+00 6.432136409836308744e-03 9.308388807957210531e+01
9.689922480620172252e-04 2.595024459151909491e-02 9.252195276103697097e+01
9.689922480620172252e-04 2.026913654820630684e-02 9.260253697219587821e+01
2.818886539816767289e-03 3.805361695169706682e-03 9.313763896459779801e+01
9.540846750148990196e-04 4.632343893629792264e-04 9.341282763014929458e+01
0.000000000000000000e+00 2.112164748850425822e-03 9.334199431250502244e+01
4.628022677311119382e-03 2.112164748850425822e-03 9.317396186723135543e+01
1.893603171785315786e-03 1.282275456082060394e-03 9.331863710182113891e+01
1.893603171785315786e-03 4.669120948190719211e-03 9.311962138484496165e+01
3.730255872238741333e-03 2.953119232188994303e-03 9.315575336559399489e+01
2.953119232188994303e-03 2.834994462901441192e-02 9.247714517069572082e+01
9.540846750148990196e-04 2.112164748850425822e-03 9.330282787903178132e+01
1.953244216565952485e-03 2.834994462901441192e-02 9.249100627933451335e+01
0.000000000000000000e+00 2.834994462901441192e-02 9.252623420640715324e+01
1.518747033697200044e-02 4.632343893629792264e-04 9.306732290382819883e+01
0.000000000000000000e+00 2.595024459151909491e-02 9.253569293434890142e+01
2.818886539816767289e-03 2.112164748850425822e-03 9.323296300057926089e+01
8.200397206739706846e-03 3.338733148458306044e-02 9.237619035390511613e+01
1.368618016573108775e-02 2.112164748850425822e-03 9.302331125905608644e+01
1.893603171785315786e-03 3.451697803857206592e-04 9.342746666831303060e+01
8.088978766430734990e-03 7.331882231641662084e-03 9.289522884522175161e+01
1.953244216565952485e-03 2.477851605758582543e-02 9.252444455698234549e+01
6.383948928408572643e-03 5.544632027783436001e-03 9.297447246399529774e+01
3.730255872238741333e-03 4.632343893629792264e-04 9.329963120593225767e+01
1.214289586382609476e-02 3.805361695169706682e-03 9.297934367940681000e+01
0.000000000000000000e+00 4.632343893629792264e-04 9.345623714935874204e+01
1.893603171785315786e-03 2.112164748850425822e-03 9.326650594960909757e+01
1.135495141390981122e-02 2.112164748850425822e-03 9.303729952080892929e+01
1.214289586382609476e-02 5.544632027783436001e-03 9.293528167685985863e+01
1.042277376066705341e-02 3.603301785830612114e-02 9.233136119178227830e+01
1.055583044697344652e-02 3.805361695169706682e-03 9.298732893537565758e+01
1.055583044697344652e-02 6.432136409836308744e-03 9.291219119163042706e+01
9.540846750148990196e-04 3.805361695169706682e-03 9.319903444510691770e+01
1.272112900019878312e-02 3.876915504822481262e-02 9.228653821317101347e+01
8.923094082873228583e-03 5.544632027783436001e-03 9.294421504129874734e+01
1.953244216565952485e-03 2.248913876820854418e-02 9.255935280323241443e+01
1.055583044697344652e-02 7.331882231641662084e-03 9.289082545174851191e+01
1.509942703067071457e-02 3.738949265161325974e-02 9.229280802030370978e+01
1.272112900019878312e-02 3.603301785830612114e-02 9.231738841007849317e+01
1.042277376066705341e-02 3.876915504822481262e-02 9.231240803977742360e+01
1.893603171785315786e-03 3.805361695169706682e-03 9.316696583411285815e+01
2.818886539816767289e-03 6.432136409836308744e-03 9.300704399321240601e+01
8.088978766430734990e-03 9.169125448195231121e-03 9.284593870732992116e+01
3.968992248062019890e-03 3.082768369211932868e-02 9.244633388238486305e+01
0.000000000000000000e+00 4.669120948190719211e-03 9.318225511705838926e+01
8.923094082873228583e-03 3.805361695169706682e-03 9.300408538505413958e+01
9.689922480620172252e-04 2.362495385751200994e-02 9.254685155685608322e+01
8.200397206739706846e-03 3.603301785830612114e-02 9.235703413406359630e+01
1.893603171785315786e-03 1.602501465702560468e-02 9.269169989332364423e+01
6.050293061070161071e-03 3.338733148458306044e-02 9.240167629969261043e+01
8.200397206739706846e-03 2.834994462901441192e-02 9.244788656678184680e+01
6.383948928408572643e-03 8.244124523194285015e-03 9.287970291844736437e+01
3.968992248062019890e-03 2.477851605758582543e-02 9.251486409076581197e+01
5.001250312578142676e-03 3.082768369211932868e-02 9.243234578913876476e+01
8.923094082873228583e-03 2.953119232188994303e-03 9.303663133115978212e+01
7.242686584054774945e-03 4.632343893629792264e-04 9.318609343132013123e+01
3.730255872238741333e-03 6.432136409836308744e-03 9.298676076947560887e+01
5.512489233419459733e-03 2.112164748850425822e-03 9.314838233016268987e+01
1.893603171785315786e-03 2.953119232188994303e-03 9.321593825314603521e+01
8.923094082873228583e-03 2.112164748850425822e-03 9.307087118891347188e+01
9.540846750148990196e-04 1.010715455523841788e-02 9.288846177703493368e+01
9.540846750148990196e-04 5.544632027783436001e-03 9.310170344765327854e+01
0.000000000000000000e+00 3.805361695169706682e-03 9.323390944332702190e+01
5.512489233419459733e-03 2.953119232188994303e-03 9.310611460732334876e+01
5.512489233419459733e-03 4.669120948190719211e-03 9.302654665918917942e+01
7.242686584054774945e-03 2.953119232188994303e-03 9.306655411824655744e+01
7.116533231668581427e-03 3.082768369211932868e-02 9.241244016520607829e+01
7.242686584054774945e-03 4.669120948190719211e-03 9.299515352356351627e+01
6.050293061070161071e-03 3.082768369211932868e-02 9.242102568846763688e+01
6.050293061070161071e-03 2.834994462901441192e-02 9.245131630613997231e+01
5.512489233419459733e-03 3.805361695169706682e-03 9.306549148255297155e+01
4.628022677311119382e-03 6.432136409836308744e-03 9.296904248989177688e+01
8.923094082873228583e-03 7.331882231641662084e-03 9.289154954922838670e+01
9.540846750148990196e-04 1.811540305118924943e-02 9.264680453913814517e+01
3.968992248062019890e-03 2.834994462901441192e-02 9.246586718442431163e+01
6.383948928408572643e-03 3.805361695169706682e-03 9.304652346122256290e+01
6.383948928408572643e-03 9.169125448195231121e-03 9.285181219725977542e+01
0.000000000000000000e+00 1.399521723080873747e-02 9.276162294734440650e+01
0.000000000000000000e+00 2.248913876820854418e-02 9.256926055735361558e+01
0.000000000000000000e+00 1.811540305118924943e-02 9.264773137193664354e+01
6.050293061070161071e-03 2.595024459151909491e-02 9.249202408847787638e+01
2.818886539816767289e-03 1.399521723080873747e-02 9.273841492294799593e+01
3.968992248062019890e-03 2.362495385751200994e-02 9.253620130035864122e+01
9.540846750148990196e-04 8.244124523194285015e-03 9.296841974199136871e+01
7.242686584054774945e-03 8.244124523194285015e-03 9.287351176767923278e+01
9.540846750148990196e-04 1.202341401676951249e-02 9.281598222172029011e+01
0.000000000000000000e+00 8.244124523194285015e-03 9.299234125007630780e+01
9.540846750148990196e-04 1.706246667486976953e-02 9.266970969878094877e+01
2.818886539816767289e-03 1.300222280647242434e-02 9.276519869316727807e+01
2.818886539816767289e-03 1.202341401676951249e-02 9.279400805137986197e+01
5.512489233419459733e-03 8.244124523194285015e-03 9.288825763126314428e+01
3.730255872238741333e-03 3.805361695169706682e-03 9.311099116279250154e+01
1.893603171785315786e-03 6.432136409836308744e-03 9.302995169948239607e+01
4.628022677311119382e-03 7.331882231641662084e-03 9.293323147382169225e+01
9.689922480620172252e-04 2.137066436729137542e-02 9.258160584639095703e+01
4.628022677311119382e-03 1.399521723080873747e-02 9.273543703608817168e+01
0.000000000000000000e+00 1.602501465702560468e-02 9.270044735212829323e+01
1.893603171785315786e-03 1.010715455523841788e-02 9.287169035807782791e+01
9.540846750148990196e-04 1.399521723080873747e-02 9.275131016847477383e+01
2.818886539816767289e-03 5.544632027783436001e-03 9.304887804970088894e+01
4.628022677311119382e-03 3.805361695169706682e-03 9.308696165224931462e+01
4.628022677311119382e-03 5.544632027783436001e-03 9.300662523554628081e+01
0.000000000000000000e+00 2.362495385751200994e-02 9.255556861646985567e+01
4.628022677311119382e-03 1.300222280647242434e-02 9.275773861643300222e+01
5.512489233419459733e-03 1.202341401676951249e-02 9.277977327109024941e+01
5.512489233419459733e-03 1.010715455523841788e-02 9.283013060595600052e+01
7.242686584054774945e-03 9.169125448195231121e-03 9.284772781775662054e+01
2.818886539816767289e-03 1.500270792411345644e-02 9.271370164313856321e+01
1.953244216565952485e-03 2.595024459151909491e-02 9.251071483075601520e+01
7.242686584054774945e-03 3.805361695169706682e-03 9.303000208863903708e+01
7.242686584054774945e-03 5.544632027783436001e-03 9.296204357430192999e+01
0.000000000000000000e+00 1.010715455523841788e-02 9.290790615908852601e+01
1.893603171785315786e-03 1.399521723080873747e-02 9.274359409926067599e+01
6.383948928408572643e-03 7.331882231641662084e-03 9.290946900576572887e+01
9.540846750148990196e-04 1.602501465702560468e-02 9.269479433282972991e+01
2.818886539816767289e-03 1.010715455523841788e-02 9.285753032936582940e+01
4.628022677311119382e-03 8.244124523194285015e-03 9.289922952147678359e+01
9.540846750148990196e-04 1.300222280647242434e-02 9.278264893931017809e+01
2.953119232188994303e-03 2.362495385751200994e-02 9.253710550560664672e+01
4.628022677311119382e-03 9.169125448195231121e-03 9.286707502478783738e+01
1.893603171785315786e-03 1.706246667486976953e-02 9.266895079650765865e+01
3.730255872238741333e-03 1.010715455523841788e-02 9.284592199626044362e+01
0.000000000000000000e+00 7.331882231641662084e-03 9.303724429993400236e+01
9.540846750148990196e-04 9.169125448195231121e-03 9.292752579808987434e+01
1.893603171785315786e-03 8.244124523194285015e-03 9.294720932065521879e+01
0.000000000000000000e+00 5.544632027783436001e-03 9.313223666546794277e+01
9.540846750148990196e-04 1.500270792411345644e-02 9.272201012248143570e+01
2.818886539816767289e-03 9.169125448195231121e-03 9.289215971530470028e+01
2.818886539816767289e-03 7.331882231641662084e-03 9.296695489841391691e+01
2.818886539816767289e-03 1.602501465702560468e-02 9.269110509495050110e+01
6.383948928408572643e-03 1.105848903968648100e-02 9.280181834242038974e+01
2.818886539816767289e-03 8.244124523194285015e-03 9.292864753521193677e+01
5.512489233419459733e-03 1.105848903968648100e-02 9.280395981818126927e+01
4.628022677311119382e-03 1.105848903968648100e-02 9.280846748321162920e+01
0.000000000000000000e+00 1.105848903968648100e-02 9.286845120084694827e+01
3.730255872238741333e-03 1.300222280647242434e-02 9.276024842933948378e+01
0.000000000000000000e+00 1.918417305722777688e-02 9.262466652699713165e+01
1.893603171785315786e-03 5.544632027783436001e-03 9.307393849833445643e+01
0.000000000000000000e+00 2.026913654820630684e-02 9.260386450309862028e+01
3.730255872238741333e-03 1.202341401676951249e-02 9.278682333670391813e+01
3.730255872238741333e-03 1.105848903968648100e-02 9.281539542309697310e+01
9.540846750148990196e-04 7.331882231641662084e-03 9.301110531488578204e+01
0.000000000000000000e+00 1.202341401676951249e-02 9.283089121559825685e+01
3.730255872238741333e-03 1.399521723080873747e-02 9.273571464741330317e+01
3.730255872238741333e-03 8.244124523194285015e-03 9.291267383980881789e+01
0.000000000000000000e+00 9.169125448195231121e-03 9.294921587131550211e+01
1.953244216565952485e-03 2.137066436729137542e-02 9.258041609517910331e+01
4.628022677311119382e-03 1.010715455523841788e-02 9.283680747123091237e+01
3.730255872238741333e-03 5.544632027783436001e-03 9.302646027913007742e+01
5.512489233419459733e-03 7.331882231641662084e-03 9.292013315354103042e+01
2.818886539816767289e-03 1.105848903968648100e-02 9.282479938583247758e+01
9.540846750148990196e-04 1.105848903968648100e-02 9.285126707327799522e+01
3.968992248062019890e-03 2.595024459151909491e-02 9.249598938525313940e+01
3.730255872238741333e-03 1.500270792411345644e-02 9.271326723790978974e+01
0.000000000000000000e+00 2.137066436729137542e-02 9.258537780027216968e+01
5.512489233419459733e-03 9.169125448195231121e-03 9.285824352011113092e+01
0.000000000000000000e+00 1.706246667486976953e-02 9.267300811511309178e+01
1.893603171785315786e-03 1.300222280647242434e-02 9.277264605723638624e+01
0.000000000000000000e+00 1.300222280647242434e-02 9.279526759517835899e+01
4.628022677311119382e-03 1.202341401676951249e-02 9.278209685916138483e+01
1.893603171785315786e-03 1.500270792411345644e-02 9.271659674917047766e+01
5.512489233419459733e-03 1.300222280647242434e-02 9.275761430712616118e+01
1.953244216565952485e-03 2.362495385751200994e-02 9.254067672126835475e+01
5.512489233419459733e-03 5.544632027783436001e-03 9.298931476909999105e+01
0.000000000000000000e+00 1.500270792411345644e-02 9.273000114078217848e+01
1.893603171785315786e-03 9.169125448195231121e-03 9.290852775003865816e+01
7.242686584054774945e-03 7.331882231641662084e-03 9.290118503827915220e+01
1.893603171785315786e-03 7.331882231641662084e-03 9.298769647766162905e+01
1.893603171785315786e-03 1.202341401676951249e-02 9.280370806525338878e+01
3.730255872238741333e-03 9.169125448195231121e-03 9.287836157363888390e+01
5.512489233419459733e-03 6.432136409836308744e-03 9.295383140490383767e+01
3.730255872238741333e-03 7.331882231641662084e-03 9.294881960569325940e+01
1.893603171785315786e-03 1.105848903968648100e-02 9.283673684621925304e+01
