5.911917539824515511e-02 9.241920869827846552e-02 7.354239991365218998e+01
7.480891201821437964e-03 1.360841777842569655e-03 7.488715918582234110e+01
3.838700059630287265e-03 5.019934933920278120e-04 7.499801521946709215e+01
5.696446736118418452e-02 8.987273556357003312e-02 7.356405198908737475e+01
6.591195655637330231e-03 5.019934933920278120e-04 7.493707039316551288e+01
5.280365184134230838e-02 8.495540813102961386e-02 7.360736387438586803e+01
9.540846750148990196e-04 5.019934933920278120e-04 7.507902915900740481e+01
1.126553827806063834e-01 1.250349947387220384e-01 7.345114576797921302e+01
4.882983926621239923e-02 8.025908417860339039e-02 7.365068605241692978e+01
6.591195655637330231e-03 2.231618510688287982e-03 7.486745518760122309e+01
2.892303936068818526e-03 1.360841777842569655e-03 7.498037882322330461e+01
1.055901173915752278e-01 1.183932346723044482e-01 7.348173791445333336e+01
4.770423375074536732e-03 3.114573939098252975e-03 7.486295359623930779e+01
1.022133361394647333e-01 1.152034420088275668e-01 7.349744181281698729e+01
4.503069977130799706e-02 7.576919204826182419e-02 7.369401849943871241e+01
1.335032153168341784e-02 4.009965359457662304e-03 7.478164085702135822e+01
9.893443260480672130e-02 1.120965011028436098e-01 7.351339743022296602e+01
4.139496412564680483e-02 7.147241355793493289e-02 7.373736119178228421e+01
3.791231208611869907e-02 7.576919204826182419e-02 7.376104323931129159e+01
1.568864588844935681e-02 2.231618510688287982e-03 7.483042144434638487e+01
3.457327456368453067e-02 7.147241355793493289e-02 7.380312580132124367e+01
3.136914764821741031e-02 6.735655205667445689e-02 7.384529783942750214e+01
1.335032153168341784e-02 1.360841777842569655e-03 7.484020015951374205e+01
2.829191684821433239e-02 6.341041680288864169e-02 7.388755285802201911e+01
1.173454509051181927e-02 3.114573939098252975e-03 7.479744037700019987e+01
1.333162961069939145e-02 4.749557886898825299e-02 7.412383293149193264e+01
1.841913469820447014e-02 5.598699404824203363e-02 7.404812939150902196e+01
3.838700059630287265e-03 8.682993575202024861e-03 7.468317492794911061e+01
9.540846750148990196e-04 4.009965359457662304e-03 7.490354073916989819e+01
5.280365184134230838e-02 6.735655205667445689e-02 7.383151458662912603e+01
2.533419015694923782e-02 5.962372135733656764e-02 7.392988500902629312e+01
2.248913876820854418e-02 5.598699404824203363e-02 7.397228901567832793e+01
4.503069977130799706e-02 6.149774920539038958e-02 7.386935516550795455e+01
1.975044444072915351e-02 5.249149886765602790e-02 7.401476010658548432e+01
8.357207867611779473e-03 7.721297913411168112e-03 7.469028214714309399e+01
4.139496412564680483e-02 5.962372135733656764e-02 7.387472734976884681e+01
3.791231208611869907e-02 5.598699404824203363e-02 7.391550174996429234e+01
7.480891201821437964e-03 6.773439599271957601e-03 7.471426958674781815e+01
6.591195655637330231e-03 3.114573939098252975e-03 7.483472914720684344e+01
1.092175877977591414e-02 4.589252665757773131e-02 7.417063158525168376e+01
8.357207867611779473e-03 4.009965359457662304e-03 7.478674476471552168e+01
2.533419015694923782e-02 4.912916540823517031e-02 7.398497398660495605e+01
3.847115625060792965e-05 9.658831820254537570e-03 7.469605305342169288e+01
6.591195655637330231e-03 4.918057367339911945e-03 7.477358929925928521e+01
2.248913876820854418e-02 4.589252665757773131e-02 7.402815747198872032e+01
3.136914764821741031e-02 5.249149886765602790e-02 7.394228242305848653e+01
1.975044444072915351e-02 4.277466364088935991e-02 7.407136368396872683e+01
2.829191684821433239e-02 4.912916540823517031e-02 7.398468929065724353e+01
2.533419015694923782e-02 4.589252665757773131e-02 7.402716323762899719e+01
2.248913876820854418e-02 4.277466364088935991e-02 7.406969994060582962e+01
2.892303936068818526e-03 3.451697803857206592e-04 7.506635763049014543e+01
1.975044444072915351e-02 3.976915604822581218e-02 7.411229547456231614e+01
1.644628478259962945e-02 3.451697803857206592e-04 7.488614535896032010e+01
1.711225265737748025e-02 3.830665458572435345e-02 7.413352477753154801e+01
3.136914764821741031e-02 6.341041680288864169e-02 7.384937460819328692e+01
1.930885651815886228e-03 1.165420256013799394e-02 7.461399533835678710e+01
2.829191684821433239e-02 5.962372135733656764e-02 7.389248175965268217e+01
1.335032153168341784e-02 5.839122118191875099e-03 7.475028761917518239e+01
2.533419015694923782e-02 5.598699404824203363e-02 7.393561510687469251e+01
3.847115625060792965e-05 6.728954966014222272e-03 7.559359860594658187e+01
2.248913876820854418e-02 5.249149886765602790e-02 7.397877338019902993e+01
1.975044444072915351e-02 4.912916540823517031e-02 7.402195542870765621e+01
1.456913084820060655e-02 3.545862542190572619e-02 7.417654394009886687e+01
7.480891201821437964e-03 9.658831820254537570e-03 7.464855035857739551e+01
1.711225265737748025e-02 4.589252665757773131e-02 7.406516020691798019e+01
9.540846750148990196e-04 1.371003908001794391e-02 7.456669570782635503e+01
1.711225265737748025e-02 3.976915604822581218e-02 7.411459167089560651e+01
1.456913084820060655e-02 3.830665458572435345e-02 7.414160422527780270e+01
6.591195655637330231e-03 3.451697803857206592e-04 7.497390237813797853e+01
9.540846750148990196e-04 9.658831820254537570e-03 7.468267141842548540e+01
4.770423375074536732e-03 1.360841777842569655e-03 7.493665468925264861e+01
1.333162961069939145e-02 3.545862542190572619e-02 7.417947260135919407e+01
5.687812485665799667e-03 8.682993575202024861e-03 7.467201497701077528e+01
5.687812485665799667e-03 3.114573939098252975e-03 7.484780036261710734e+01
4.770423375074536732e-03 4.918057367339911945e-03 7.479487401840489724e+01
9.540846750148990196e-04 2.231618510688287982e-03 7.498861917906738483e+01
5.687812485665799667e-03 1.064912692819669493e-02 7.462595861332853531e+01
9.540846750148990196e-04 3.451697803857206592e-04 7.512616482592764555e+01
2.892303936068818526e-03 6.773439599271957601e-03 7.475520016006568369e+01
2.892303936068818526e-03 3.114573939098252975e-03 7.489970541974126661e+01
1.092175877977591414e-02 3.270880416028773552e-02 7.422275138990744381e+01
9.540846750148990196e-04 1.360841777842569655e-03 7.503317164826698615e+01
2.892303936068818526e-03 4.918057367339911945e-03 7.482456543245083935e+01
9.540846750148990196e-04 3.114573939098252975e-03 7.494539939782633553e+01
1.930885651815886228e-03 1.064912692819669493e-02 7.464194039198002883e+01
9.540846750148990196e-04 4.918057367339911945e-03 7.486307245425557255e+01
3.847115625060792965e-05 6.773439599271957601e-03 7.480543388784249714e+01
1.007089379182402045e-02 4.918057367339911945e-03 7.475472708578391234e+01
1.335032153168341784e-02 3.451697803857206592e-04 7.488655644154088975e+01
3.847115625060792965e-05 1.064912692819669493e-02 7.466269096856009924e+01
8.357207867611779473e-03 6.773439599271957601e-03 7.471206252200974518e+01
1.173454509051181927e-02 1.360841777842569655e-03 7.484440546312710296e+01
9.540846750148990196e-04 8.682993575202024861e-03 7.471571834554978864e+01
6.591195655637330231e-03 8.682993575202024861e-03 7.466944909099547090e+01
1.007089379182402045e-02 3.114573939098252975e-03 7.480232780610926113e+01
4.770423375074536732e-03 6.773439599271957601e-03 7.473266109899402920e+01
8.357207867611779473e-03 4.918057367339911945e-03 7.476032729506034968e+01
4.770423375074536732e-03 1.064912692819669493e-02 7.462688938297557684e+01
3.847115625060792965e-05 1.267439211135662491e-02 7.460082606827435825e+01
6.591195655637330231e-03 6.773439599271957601e-03 7.471840804306154382e+01
2.892303936068818526e-03 1.267439211135662491e-02 7.458438619058226493e+01
2.892303936068818526e-03 9.658831820254537570e-03 7.466254306094269566e+01
4.770423375074536732e-03 8.682993575202024861e-03 7.467657447837356699e+01
7.461431432808890429e-03 2.500028882034219246e-02 7.434840619129670358e+01
2.892303936068818526e-03 8.682993575202024861e-03 7.469186517076772702e+01
4.770423375074536732e-03 1.267439211135662491e-02 7.458389781394463114e+01
9.540846750148990196e-04 6.773439599271957601e-03 7.478642827155795203e+01
2.072397039991402679e-03 3.136914764821741031e-02 7.433287624951802286e+01
1.211603104996808455e-02 3.270880416028773552e-02 7.421959545162187055e+01
9.540846750148990196e-04 1.165420256013799394e-02 7.462136776769298763e+01
1.047166106723673717e-03 1.801444679351657530e-02 7.447624789496909159e+01
3.847115625060792965e-05 1.582913210820188765e-02 7.452074402888629834e+01
9.540846750148990196e-04 1.064912692819669493e-02 7.465120926856604910e+01
1.930885651815886228e-03 8.682993575202024861e-03 7.470269562494134163e+01
1.456913084820060655e-02 4.277466364088935991e-02 7.410838676318496709e+01
2.892303936068818526e-03 1.064912692819669493e-02 7.463483137403113687e+01
5.251474471720724013e-03 3.545862542190572619e-02 7.426915301478334186e+01
3.847115625060792965e-05 1.476149745278096392e-02 7.454569030473082591e+01
9.540846750148990196e-04 2.259655823046671785e-02 7.442081948150617166e+01
3.114573939098252975e-03 3.270880416028773552e-02 7.431161996776616263e+01
1.456913084820060655e-02 4.431916059823037823e-02 7.410272089524254113e+01
1.456913084820060655e-02 3.407175904648099274e-02 7.419764907166100443e+01
6.347088727853417156e-03 2.623195242837755847e-02 7.432735577007370864e+01
3.847115625060792965e-05 1.913291493954377698e-02 7.445689299135393924e+01
8.594986943022242531e-03 2.748414376321353658e-02 7.430461473998995814e+01
3.847115625060792965e-05 1.371003908001794391e-02 7.457239771001255235e+01
1.047166106723673717e-03 3.005219717872456564e-02 7.435414716123649725e+01
9.748256462108834119e-03 3.005219717872456564e-02 7.426267774134497301e+01
1.711225265737748025e-02 4.912916540823517031e-02 7.405729395849330388e+01
2.072397039991402679e-03 2.748414376321353658e-02 7.434648681963501815e+01
5.251474471720724013e-03 3.270880416028773552e-02 7.427491448903404603e+01
9.540846750148990196e-04 1.267439211135662491e-02 7.459318388073310757e+01
8.594986943022242531e-03 3.270880416028773552e-02 7.423653096536385476e+01
1.456913084820060655e-02 4.589252665757773131e-02 7.409988664647725898e+01
3.114573939098252975e-03 2.500028882034219246e-02 7.435873103228188086e+01
1.047166106723673717e-03 2.259655823046671785e-02 7.440219214930708347e+01
6.347088727853417156e-03 2.748414376321353658e-02 7.430936547188763086e+01
3.847115625060792965e-05 2.875738033056773890e-02 7.437543229503008035e+01
1.092175877977591414e-02 3.136914764821741031e-02 7.424113284206949004e+01
3.114573939098252975e-03 3.005219717872456564e-02 7.431803816603699886e+01
4.174120453190210966e-03 3.270880416028773552e-02 7.429219317029112801e+01
6.347088727853417156e-03 3.270880416028773552e-02 7.425983933564707229e+01
7.461431432808890429e-03 2.748414376321353658e-02 7.430578937030553277e+01
2.072397039991402679e-03 2.259655823046671785e-02 7.439605089084604117e+01
3.847115625060792965e-05 2.748414376321353658e-02 7.437795411802282786e+01
1.211603104996808455e-02 4.277466364088935991e-02 7.414253460047768840e+01
1.456913084820060655e-02 3.687003810486008670e-02 7.415784056482345932e+01
6.347088727853417156e-03 3.687003810486008670e-02 7.424794325123286853e+01
4.174120453190210966e-03 3.136914764821741031e-02 7.429647282545873566e+01
1.211603104996808455e-02 3.976915604822581218e-02 7.415163422956581485e+01
8.594986943022242531e-03 3.005219717872456564e-02 7.426604922614306759e+01
4.174120453190210966e-03 2.748414376321353658e-02 7.432347848039663063e+01
9.748256462108834119e-03 3.830665458572435345e-02 7.418875452139351978e+01
7.461431432808890429e-03 3.830665458572435345e-02 7.422674993504300289e+01
4.174120453190210966e-03 3.407175904648099274e-02 7.429037874149774723e+01
2.072397039991402679e-03 3.005219717872456564e-02 7.433505340011906526e+01
4.174120453190210966e-03 3.005219717872456564e-02 7.430315416474874723e+01
9.748256462108834119e-03 3.687003810486008670e-02 7.419490181294011677e+01
1.047166106723673717e-03 2.748414376321353658e-02 7.436118924688123855e+01
2.072397039991402679e-03 2.142353770260746471e-02 7.441368839716315620e+01
1.047166106723673717e-03 2.026913654820630684e-02 7.443528761256698090e+01
4.174120453190210966e-03 2.259655823046671785e-02 7.439038131533935427e+01
6.347088727853417156e-03 3.005219717872456564e-02 7.427999975648363318e+01
1.711225265737748025e-02 4.277466364088935991e-02 7.408446874570472573e+01
5.251474471720724013e-03 3.005219717872456564e-02 7.429045590109713260e+01
4.174120453190210966e-03 2.378865226284399004e-02 7.437050896595890492e+01
2.072397039991402679e-03 2.026913654820630684e-02 7.443332331601094154e+01
8.594986943022242531e-03 3.687003810486008670e-02 7.421028315462316982e+01
6.347088727853417156e-03 3.407175904648099274e-02 7.425336331820842872e+01
3.847115625060792965e-05 1.691331923890063149e-02 7.449760032199837667e+01
8.594986943022242531e-03 3.407175904648099274e-02 7.422531414684343076e+01
3.847115625060792965e-05 2.378865226284399004e-02 7.439908492867719758e+01
1.456913084820060655e-02 3.976915604822581218e-02 7.412790259274518689e+01
4.174120453190210966e-03 2.500028882034219246e-02 7.435269954030242445e+01
9.540846750148990196e-04 1.582913210820188765e-02 7.451896484662293574e+01
3.114573939098252975e-03 2.748414376321353658e-02 7.433389869340196299e+01
2.072397039991402679e-03 2.623195242837755847e-02 7.435562451724656796e+01
3.847115625060792965e-05 2.142353770260746471e-02 7.442392705433557865e+01
7.461431432808890429e-03 3.545862542190572619e-02 7.423181948144947739e+01
2.072397039991402679e-03 2.875738033056773890e-02 7.433961035599180889e+01
1.092175877977591414e-02 3.407175904648099274e-02 7.420671032825086399e+01
8.594986943022242531e-03 3.545862542190572619e-02 7.421654291916991042e+01
1.211603104996808455e-02 3.407175904648099274e-02 7.420110957262993168e+01
2.072397039991402679e-03 2.500028882034219246e-02 7.436696711446111863e+01
3.847115625060792965e-05 2.623195242837755847e-02 7.438277469628447136e+01
5.251474471720724013e-03 2.500028882034219246e-02 7.434892901810597721e+01
1.047166106723673717e-03 1.913291493954377698e-02 7.445480815879977854e+01
8.594986943022242531e-03 2.875738033056773890e-02 7.428422997358019586e+01
9.748256462108834119e-03 2.875738033056773890e-02 7.428319907375573905e+01
3.847115625060792965e-05 2.026913654820630684e-02 7.443941902480150929e+01
9.540846750148990196e-04 1.476149745278096392e-02 7.454194252828669676e+01
9.748256462108834119e-03 3.976915604822581218e-02 7.418523456727048426e+01
2.072397039991402679e-03 2.378865226284399004e-02 7.438046013626455988e+01
6.347088727853417156e-03 2.875738033056773890e-02 7.429356135474429834e+01
3.114573939098252975e-03 2.259655823046671785e-02 7.439209547121024002e+01
7.461431432808890429e-03 3.005219717872456564e-02 7.427184407038249958e+01
1.930885651815886228e-03 1.476149745278096392e-02 7.454034116243217056e+01
1.047166106723673717e-03 2.500028882034219246e-02 7.437735326823256798e+01
9.748256462108834119e-03 3.270880416028773552e-02 7.422841853549525126e+01
5.251474471720724013e-03 2.748414376321353658e-02 7.431528162286410577e+01
8.594986943022242531e-03 3.136914764821741031e-02 7.425012979022346826e+01
6.347088727853417156e-03 3.136914764821741031e-02 7.426873897133235403e+01
3.114573939098252975e-03 2.378865226284399004e-02 7.437437308740933872e+01
4.174120453190210966e-03 2.875738033056773890e-02 7.431217581502075120e+01
7.461431432808890429e-03 2.875738033056773890e-02 7.428770508564535646e+01
9.748256462108834119e-03 3.545862542190572619e-02 7.420360629540134312e+01
5.251474471720724013e-03 3.407175904648099274e-02 7.427077891440355017e+01
7.461431432808890429e-03 3.136914764821741031e-02 7.425826411790679060e+01
3.114573939098252975e-03 2.875738033056773890e-02 7.432481829878281587e+01
1.047166106723673717e-03 2.875738033056773890e-02 7.435649882765319774e+01
7.461431432808890429e-03 3.407175904648099274e-02 7.423818878721085923e+01
3.114573939098252975e-03 2.142353770260746471e-02 7.441184762598477676e+01
5.251474471720724013e-03 2.623195242837755847e-02 7.433103031307517483e+01
7.461431432808890429e-03 3.270880416028773552e-02 7.424702504617161480e+01
4.174120453190210966e-03 2.623195242837755847e-02 7.433700485504121502e+01
3.114573939098252975e-03 3.136914764821741031e-02 7.431361809185753486e+01
1.047166106723673717e-03 2.378865226284399004e-02 7.438871514074342883e+01
9.748256462108834119e-03 3.136914764821741031e-02 7.424439796821710047e+01
5.251474471720724013e-03 2.378865226284399004e-02 7.436892462014206728e+01
1.211603104996808455e-02 3.136914764821741031e-02 7.424040091168266997e+01
1.211603104996808455e-02 3.687003810486008670e-02 7.417134645237040047e+01
9.748256462108834119e-03 3.407175904648099274e-02 7.421480030169588815e+01
1.047166106723673717e-03 2.142353770260746471e-02 7.441773288954517795e+01
1.047166106723673717e-03 2.623195242837755847e-02 7.436815966114501464e+01
5.251474471720724013e-03 3.136914764821741031e-02 7.428149448643853248e+01
7.461431432808890429e-03 2.623195242837755847e-02 7.432604107053201403e+01
7.461431432808890429e-03 3.687003810486008670e-02 7.422798357711060646e+01
3.114573939098252975e-03 2.623195242837755847e-02 7.434522156007236049e+01
5.251474471720724013e-03 2.875738033056773890e-02 7.430173787825768272e+01
