9.265371597503926915e-02 1.183932346723044482e-01 8.237108656438280718e+01
9.540846750148990196e-04 5.839122118191875099e-03 8.388609833875850086e+01
7.576919204826182419e-02 1.183932346723044482e-01 8.237938107912897578e+01
7.071095914192765397e-02 1.120965011028436098e-01 8.242280474779808230e+01
6.591195655637330231e-03 1.267439211135662491e-02 8.361888564910235289e+01
6.590251551491863036e-02 1.061185894862668455e-01 8.246628501348975249e+01
8.671714820169743043e-02 1.120965011028436098e-01 8.241224598476478036e+01
6.132580411089796901e-02 1.004358833816198227e-01 8.250981706665184845e+01
8.357207867611779473e-03 6.773439599271957601e-03 8.374845883934884228e+01
6.591195655637330231e-03 8.682993575202024861e-03 8.370519865076236954e+01
7.071095914192765397e-02 1.061185894862668455e-01 8.243865989606652533e+01
4.770423375074536732e-03 1.064912692819669493e-02 8.366199413469122703e+01
6.590251551491863036e-02 1.004358833816198227e-01 8.248273613917098146e+01
6.132580411089796901e-02 9.769848227023497644e-02 8.251564787446493199e+01
5.696446736118418452e-02 9.502704263141359409e-02 8.255339667517600333e+01
5.280365184134230838e-02 8.987273556357003312e-02 8.259702010289075247e+01
4.882983926621239923e-02 7.798919426826403378e-02 8.267511186730524742e+01
4.882983926621239923e-02 8.495540813102961386e-02 8.264068404117004718e+01
4.503069977130799706e-02 7.576919204826182419e-02 8.270323742922393251e+01
4.503069977130799706e-02 8.025908417860339039e-02 8.268438555129877443e+01
4.139496412564680483e-02 7.576919204826182419e-02 8.272812201570455670e+01
3.136914764821741031e-02 6.735655205667445689e-02 8.285455000023480920e+01
3.791231208611869907e-02 7.147241355793493289e-02 8.277189109653050991e+01
3.457327456368453067e-02 5.962372135733656764e-02 8.287055606206583036e+01
4.503069977130799706e-02 6.735655205667445689e-02 8.279103451220400700e+01
2.981514609421587192e-02 6.735655205667445689e-02 8.287919786444822989e+01
3.457327456368453067e-02 6.735655205667445689e-02 8.281569070031211766e+01
4.319307251562054528e-02 6.536293164200140948e-02 8.281239572080110634e+01
3.136914764821741031e-02 6.341041680288864169e-02 8.285951894775234905e+01
4.139496412564680483e-02 6.341041680288864169e-02 8.283378152227609803e+01
4.139496412564680483e-02 7.147241355793493289e-02 8.274736158863484548e+01
2.829191684821433239e-02 5.962372135733656764e-02 8.290337414777017955e+01
3.791231208611869907e-02 6.735655205667445689e-02 8.279149367754820332e+01
3.136914764821741031e-02 5.778717406624384045e-02 8.289535612242340790e+01
3.457327456368453067e-02 6.341041680288864169e-02 8.283563367992339010e+01
3.136914764821741031e-02 5.962372135733656764e-02 8.287978157976306193e+01
1.173454509051181927e-02 3.451697803857206592e-04 8.394496008585556979e+01
2.389798633090225999e-02 4.589252665757773131e-02 8.304579608846626115e+01
1.007089379182402045e-02 1.360841777842569655e-03 8.390316144606903492e+01
8.357207867611779473e-03 3.114573939098252975e-03 8.386148244025828546e+01
2.829191684821433239e-02 5.598699404824203363e-02 8.292393736111297642e+01
5.251474471720724013e-03 2.500028882034219246e-02 8.337399545281867574e+01
6.591195655637330231e-03 4.918057367339911945e-03 8.381992983650835072e+01
3.114573939098252975e-03 2.259655823046671785e-02 8.341788043633860639e+01
3.847115625060792965e-05 1.476149745278096392e-02 8.358174433937151093e+01
3.136914764821741031e-02 5.598699404824203363e-02 8.291441322647132495e+01
4.770423375074536732e-03 6.773439599271957601e-03 8.377851091967266939e+01
2.829191684821433239e-02 6.149774920539038958e-02 8.289853449716665068e+01
3.847115625060792965e-05 2.142353770260746471e-02 8.344724500503778586e+01
2.829191684821433239e-02 5.249149886765602790e-02 8.295829581462130875e+01
2.892303936068818526e-03 8.682993575202024861e-03 8.373723353958610005e+01
2.389798633090225999e-02 5.778717406624384045e-02 8.296201323197759336e+01
2.248913876820854418e-02 5.422211167765203510e-02 8.298562114568872516e+01
1.930885651815886228e-03 9.658831820254537570e-03 8.371665054644147119e+01
9.540846750148990196e-04 1.064912692819669493e-02 8.369610616461126540e+01
2.533419015694923782e-02 5.422211167765203510e-02 8.295597141375610306e+01
2.829191684821433239e-02 6.341041680288864169e-02 8.289747518897826239e+01
2.110687323499960133e-02 5.598699404824203363e-02 8.300635505732500974e+01
2.892303936068818526e-03 3.451697803857206592e-04 8.414871984929010296e+01
9.540846750148990196e-04 1.267439211135662491e-02 8.363223118576934212e+01
2.533419015694923782e-02 5.962372135733656764e-02 8.294048148824847999e+01
3.847115625060792965e-05 1.267439211135662491e-02 8.364246485565458045e+01
2.110687323499960133e-02 5.249149886765602790e-02 8.300742005475262886e+01
3.847115625060792965e-05 2.875738033056773890e-02 8.339276443093370972e+01
1.047166106723673717e-03 3.451697803857206592e-04 8.429746129224656670e+01
9.540846750148990196e-04 1.476149745278096392e-02 8.357576453913634396e+01
9.540846750148990196e-04 1.360841777842569655e-03 8.411576247473905710e+01
1.007089379182402045e-02 3.451697803857206592e-04 8.396823131828833198e+01
2.533419015694923782e-02 5.598699404824203363e-02 8.294725477514620593e+01
2.248913876820854418e-02 5.598699404824203363e-02 8.298356313806861806e+01
8.357207867611779473e-03 1.360841777842569655e-03 8.392762814822424389e+01
3.847115625060792965e-05 4.918057367339911945e-03 8.395566930822923268e+01
6.591195655637330231e-03 3.114573939098252975e-03 8.388719903270690281e+01
1.047166106723673717e-03 1.691331923890063149e-02 8.353274629915789262e+01
3.847115625060792965e-05 3.114573939098252975e-03 8.405005989321962545e+01
4.770423375074536732e-03 4.918057367339911945e-03 8.384695410512992453e+01
8.594986943022242531e-03 2.875738033056773890e-02 8.330821748746662081e+01
9.540846750148990196e-04 4.918057367339911945e-03 8.392899390691493977e+01
2.892303936068818526e-03 5.839122118191875099e-03 8.384422677093346010e+01
2.892303936068818526e-03 6.773439599271957601e-03 8.380690428012863435e+01
9.540846750148990196e-04 6.773439599271957601e-03 8.384478765955851998e+01
1.975044444072915351e-02 4.125824844640912925e-02 8.311128598445972671e+01
9.540846750148990196e-04 8.682993575202024861e-03 8.376706132715167996e+01
1.975044444072915351e-02 5.079416707323683444e-02 8.302922917311306605e+01
2.072397039991402679e-03 2.748414376321353658e-02 8.336517031381512766e+01
3.847115625060792965e-05 8.682993575202024861e-03 8.378562552313259459e+01
1.047166106723673717e-03 2.142353770260746471e-02 8.344236482508040353e+01
2.389798633090225999e-02 5.598699404824203363e-02 8.296383277784771337e+01
3.847115625060792965e-05 2.378865226284399004e-02 8.341960786656440519e+01
1.711225265737748025e-02 3.830665458572435345e-02 8.315499153785202680e+01
7.461431432808890429e-03 2.748414376321353658e-02 8.333013665735842324e+01
1.333162961069939145e-02 3.545862542190572619e-02 8.320004892892001180e+01
3.114573939098252975e-03 2.500028882034219246e-02 8.338093350068142229e+01
2.533419015694923782e-02 4.912916540823517031e-02 8.300220244782386203e+01
2.110687323499960133e-02 4.912916540823517031e-02 8.302213255325773389e+01
9.540846750148990196e-04 2.623195242837755847e-02 8.341758338632914160e+01
2.072397039991402679e-03 3.136914764821741031e-02 8.334954576444398811e+01
1.047166106723673717e-03 1.913291493954377698e-02 8.348336286758204494e+01
2.110687323499960133e-02 4.589252665757773131e-02 8.304971466926403423e+01
2.110687323499960133e-02 4.431916059823037823e-02 8.306810478203927062e+01
1.047166106723673717e-03 3.005219717872456564e-02 8.337114771339199137e+01
2.072397039991402679e-03 2.142353770260746471e-02 8.343983236600574571e+01
1.047166106723673717e-03 3.136914764821741031e-02 8.337094730438639090e+01
1.333162961069939145e-02 4.589252665757773131e-02 8.313444680784257912e+01
8.594986943022242531e-03 3.270880416028773552e-02 8.325535534532198767e+01
2.110687323499960133e-02 4.277466364088935991e-02 8.308944662026171102e+01
1.092175877977591414e-02 4.125824844640912925e-02 8.317823427824494331e+01
1.841913469820447014e-02 4.277466364088935991e-02 8.309384290388742045e+01
6.347088727853417156e-03 3.687003810486008670e-02 8.326329484578980100e+01
1.841913469820447014e-02 4.912916540823517031e-02 8.305104818456061366e+01
3.114573939098252975e-03 2.142353770260746471e-02 8.343970670685276048e+01
1.092175877977591414e-02 4.277466364088935991e-02 8.317731953440754467e+01
1.841913469820447014e-02 5.079416707323683444e-02 8.304831563938439842e+01
1.975044444072915351e-02 5.249149886765602790e-02 8.302671493102643296e+01
8.594986943022242531e-03 3.545862542190572619e-02 8.323301460154182507e+01
6.347088727853417156e-03 3.270880416028773552e-02 8.327704971874314310e+01
1.333162961069939145e-02 3.407175904648099274e-02 8.322061317851330386e+01
7.461431432808890429e-03 3.270880416028773552e-02 8.326493549643886638e+01
4.174120453190210966e-03 2.623195242837755847e-02 8.335883448567884102e+01
3.114573939098252975e-03 3.005219717872456564e-02 8.333547547259991006e+01
1.333162961069939145e-02 4.125824844640912925e-02 8.314499817626662548e+01
1.092175877977591414e-02 3.545862542190572619e-02 8.321114095687619283e+01
1.092175877977591414e-02 3.136914764821741031e-02 8.326440048053628118e+01
5.251474471720724013e-03 3.545862542190572619e-02 8.328483307452739837e+01
3.114573939098252975e-03 2.378865226284399004e-02 8.339827095292208980e+01
1.582913210820188765e-02 4.749557886898825299e-02 8.309156393989691480e+01
1.975044444072915351e-02 4.431916059823037823e-02 8.307177740182692105e+01
6.347088727853417156e-03 2.623195242837755847e-02 8.335206270183198285e+01
9.748256462108834119e-03 3.005219717872456564e-02 8.328630536751450109e+01
2.248913876820854418e-02 5.249149886765602790e-02 8.299115945120644255e+01
1.841913469820447014e-02 4.749557886898825299e-02 8.305705885655032716e+01
1.582913210820188765e-02 4.125824844640912925e-02 8.312273548525698175e+01
4.174120453190210966e-03 2.875738033056773890e-02 8.333120892526176249e+01
3.114573939098252975e-03 3.407175904648099274e-02 8.332823883724056202e+01
3.114573939098252975e-03 2.748414376321353658e-02 8.335330501740155285e+01
2.072397039991402679e-03 2.623195242837755847e-02 8.337540355080274423e+01
9.748256462108834119e-03 3.270880416028773552e-02 8.324837642647591451e+01
2.533419015694923782e-02 5.249149886765602790e-02 8.296810100806179378e+01
1.456913084820060655e-02 3.545862542190572619e-02 8.319873117175082200e+01
8.594986943022242531e-03 3.830665458572435345e-02 8.322164921193206055e+01
4.174120453190210966e-03 2.748414376321353658e-02 8.334380734951689362e+01
5.251474471720724013e-03 2.378865226284399004e-02 8.339608846602598646e+01
1.841913469820447014e-02 4.125824844640912925e-02 8.311206631261116229e+01
1.711225265737748025e-02 4.749557886898825299e-02 8.307287678771281492e+01
2.072397039991402679e-03 2.875738033056773890e-02 8.335740678225954525e+01
5.251474471720724013e-03 2.748414376321353658e-02 8.333673791145915288e+01
1.582913210820188765e-02 3.830665458572435345e-02 8.315604799408438907e+01
1.456913084820060655e-02 4.749557886898825299e-02 8.311304146625357703e+01
7.461431432808890429e-03 3.005219717872456564e-02 8.329255216459090150e+01
6.347088727853417156e-03 3.407175904648099274e-02 8.326972247008629324e+01
8.594986943022242531e-03 3.407175904648099274e-02 8.324284937339182022e+01
1.047166106723673717e-03 2.875738033056773890e-02 8.337396897116687455e+01
6.347088727853417156e-03 3.136914764821741031e-02 8.328702414399049303e+01
1.582913210820188765e-02 4.277466364088935991e-02 8.311038700427502590e+01
1.211603104996808455e-02 3.830665458572435345e-02 8.317660638557080688e+01
1.047166106723673717e-03 2.378865226284399004e-02 8.341016661541956978e+01
4.174120453190210966e-03 3.407175904648099274e-02 8.330638797079967617e+01
1.211603104996808455e-02 3.270880416028773552e-02 8.324250301765377458e+01
7.461431432808890429e-03 3.545862542190572619e-02 8.324781902963866287e+01
5.251474471720724013e-03 3.270880416028773552e-02 8.329163314480337021e+01
1.092175877977591414e-02 3.687003810486008670e-02 8.319868479355939428e+01
1.582913210820188765e-02 3.976915604822581218e-02 8.313798208914774079e+01
1.582913210820188765e-02 3.687003810486008670e-02 8.317685721548654953e+01
6.347088727853417156e-03 2.875738033056773890e-02 8.331464379763524164e+01
8.594986943022242531e-03 3.976915604822581218e-02 8.322027052754130239e+01
1.092175877977591414e-02 3.407175904648099274e-02 8.322629236640429440e+01
2.248913876820854418e-02 5.079416707323683444e-02 8.300007595151726036e+01
1.711225265737748025e-02 4.125824844640912925e-02 8.311591114326000707e+01
5.251474471720724013e-03 2.623195242837755847e-02 8.335419258717058710e+01
1.456913084820060655e-02 4.125824844640912925e-02 8.313245746327403651e+01
1.841913469820447014e-02 4.589252665757773131e-02 8.306625423806896436e+01
1.333162961069939145e-02 4.431916059823037823e-02 8.313487139147102312e+01
1.047166106723673717e-03 2.748414376321353658e-02 8.337934463859768641e+01
1.456913084820060655e-02 3.830665458572435345e-02 8.316005571206645186e+01
3.114573939098252975e-03 2.623195242837755847e-02 8.336592517825847892e+01
7.461431432808890429e-03 2.875738033056773890e-02 8.331013028616109750e+01
9.748256462108834119e-03 3.830665458572435345e-02 8.320403462454733301e+01
1.092175877977591414e-02 3.830665458572435345e-02 8.318899717045815123e+01
8.594986943022242531e-03 3.687003810486008670e-02 8.322592301457828512e+01
7.461431432808890429e-03 3.830665458572435345e-02 8.324177381281120347e+01
1.711225265737748025e-02 4.431916059823037823e-02 8.308831925227421777e+01
1.975044444072915351e-02 4.912916540823517031e-02 8.303508692708128081e+01
9.748256462108834119e-03 3.545862542190572619e-02 8.322076579779918859e+01
9.748256462108834119e-03 4.125824844640912925e-02 8.319878556695032046e+01
1.211603104996808455e-02 4.125824844640912925e-02 8.316028156358326839e+01
2.248913876820854418e-02 4.589252665757773131e-02 8.304613187719414213e+01
1.333162961069939145e-02 4.277466364088935991e-02 8.313841733889204022e+01
8.594986943022242531e-03 3.136914764821741031e-02 8.327046303352128120e+01
1.582913210820188765e-02 4.589252665757773131e-02 8.309471469518291542e+01
5.251474471720724013e-03 2.875738033056773890e-02 8.332169144991362941e+01
2.248913876820854418e-02 4.912916540823517031e-02 8.301227250474101993e+01
1.711225265737748025e-02 3.976915604822581218e-02 8.313405469249569535e+01
9.748256462108834119e-03 3.136914764821741031e-02 8.326608465629909972e+01
3.114573939098252975e-03 3.136914764821741031e-02 8.333039458242173225e+01
1.456913084820060655e-02 4.589252665757773131e-02 8.311321051215153943e+01
6.347088727853417156e-03 3.005219717872456564e-02 8.329957748138623685e+01
1.047166106723673717e-03 2.623195242837755847e-02 8.338721050727410500e+01
1.333162961069939145e-02 3.976915604822581218e-02 8.315453059978676720e+01
1.211603104996808455e-02 4.431916059823037823e-02 8.315587306114919386e+01
9.748256462108834119e-03 3.976915604822581218e-02 8.319993543916072554e+01
1.711225265737748025e-02 4.589252665757773131e-02 8.307903606915454020e+01
1.711225265737748025e-02 4.912916540823517031e-02 8.306993214969170936e+01
3.114573939098252975e-03 2.875738033056773890e-02 8.334313406553522441e+01
5.251474471720724013e-03 3.407175904648099274e-02 8.328686250306444094e+01
1.975044444072915351e-02 4.749557886898825299e-02 8.304419199384511785e+01
7.461431432808890429e-03 3.136914764821741031e-02 8.327746544587479605e+01
6.347088727853417156e-03 3.545862542190572619e-02 8.326511309762912560e+01
1.975044444072915351e-02 4.277466364088935991e-02 8.309008296910320723e+01
1.092175877977591414e-02 3.976915604822581218e-02 8.318215406817714097e+01
1.456913084820060655e-02 4.431916059823037823e-02 8.311656163280213150e+01
1.211603104996808455e-02 4.277466364088935991e-02 8.315654612448133776e+01
1.711225265737748025e-02 4.277466364088935991e-02 8.310063898402975724e+01
1.333162961069939145e-02 3.687003810486008670e-02 8.318213198377409867e+01
1.975044444072915351e-02 4.589252665757773131e-02 8.305645183532479336e+01
1.456913084820060655e-02 4.277466364088935991e-02 8.312300584638155954e+01
1.456913084820060655e-02 3.976915604822581218e-02 8.314483393511494569e+01
4.174120453190210966e-03 3.136914764821741031e-02 8.331355087075941412e+01
2.389798633090225999e-02 5.249149886765602790e-02 8.297802222548185114e+01
5.251474471720724013e-03 3.136914764821741031e-02 8.329907369223923297e+01
1.456913084820060655e-02 3.687003810486008670e-02 8.317804610780673613e+01
1.211603104996808455e-02 3.407175904648099274e-02 8.322205635725185857e+01
9.748256462108834119e-03 3.687003810486008670e-02 8.321100362985100674e+01
7.461431432808890429e-03 3.407175904648099274e-02 8.325502999378974778e+01
5.251474471720724013e-03 3.005219717872456564e-02 8.330911529399665483e+01
9.748256462108834119e-03 3.407175904648099274e-02 8.323324718167316405e+01
1.211603104996808455e-02 3.687003810486008670e-02 8.318903667288164172e+01
1.211603104996808455e-02 3.545862542190572619e-02 8.320421087720436049e+01
7.461431432808890429e-03 3.687003810486008670e-02 8.324337521859892775e+01
1.211603104996808455e-02 3.976915604822581218e-02 8.316699531920613708e+01
