7.886989168895006119e-03 5.167958656330740030e-03 5.638997953478745018e+01
7.717623570882661821e-02 1.247252111535346597e-01 5.521459055345434308e+01
5.967253324547186488e-03 7.202588048586949787e-03 5.634957215722370449e+01
4.403621913881833327e-02 6.323490985105828521e-02 5.558346132275702445e+01
7.166370849072345450e-02 1.175148859678687707e-01 5.525309912730288175e+01
4.983388704318941764e-03 8.244124523194285015e-03 5.632939100305941338e+01
4.017260472753655942e-02 5.911917539824515511e-02 5.562326898741223147e+01
6.644518272425248284e-02 1.107107762856207045e-01 5.529181124082683851e+01
6.149774920539038958e-02 1.042794945311670274e-01 5.533070697208923150e+01
5.680081864950867199e-02 9.819121447028422711e-02 5.536976901425617825e+01
5.454042081949059262e-02 9.526723786209709277e-02 5.538935760800016084e+01
5.233583528157170761e-02 9.241920869827846552e-02 5.540898227291130240e+01
4.808603183498111333e-02 8.693945638308311907e-02 5.544833353392383657e+01
3.520012656225285363e-03 3.471017007983384639e-04 5.669873919673499074e+01
4.403621913881833327e-02 8.173030912049000785e-02 5.548781118808566504e+01
4.017260472753655942e-02 7.677220509946763860e-02 5.552740500169015547e+01
3.830665458572435345e-02 7.204742362061103411e-02 5.554856057154304239e+01
1.497975366251595719e-02 5.742176284811995046e-04 5.651499601447942212e+01
3.648263590777309218e-02 6.753987347411566367e-02 5.557345107626851188e+01
1.328903654485050212e-02 1.282275456082060394e-03 5.647400304027694062e+01
8.782983923320691888e-04 1.371003908001794391e-02 5.622787754430312646e+01
1.930885651815886228e-03 1.147034726161214047e-02 5.626894205633603718e+01
1.925947325340654492e-04 1.371003908001794391e-02 5.622872548095456580e+01
2.324439725542579160e-02 5.911917539824515511e-02 5.572841362303515922e+01
2.026913654820630684e-02 5.518046178211219455e-02 5.576742734716234651e+01
2.957882327724789540e-02 5.327395678706911553e-02 5.568754221234322443e+01
3.124849535365206710e-02 5.518046178211219455e-02 5.566709944594295223e+01
2.957882327724789540e-02 5.518046178211219455e-02 5.567396085711254727e+01
1.882613510520486644e-02 3.778128998268984184e-02 5.586417820414485647e+01
2.634493209768606903e-02 5.140758873929007766e-02 5.571491247218394705e+01
2.324439725542579160e-02 4.779029808998641604e-02 5.575588324335767254e+01
2.026913654820630684e-02 4.603701945894636549e-02 5.578574152206440573e+01
3.295486351964757588e-02 6.115417743324719213e-02 5.562213946638347295e+01
3.295486351964757588e-02 6.323490985105828521e-02 5.561408960854445382e+01
2.957882327724789540e-02 5.911917539824515511e-02 5.565476476940250450e+01
2.634493209768606903e-02 5.518046178211219455e-02 5.569547500925855132e+01
7.886989168895006119e-03 1.282275456082060394e-03 5.648273189848517006e+01
2.324439725542579160e-02 5.140758873929007766e-02 5.573621893536121519e+01
5.967253324547186488e-03 3.195455352387716053e-03 5.644369043040910583e+01
3.982988544254911778e-03 5.167958656330740030e-03 5.640477762671706330e+01
1.930885651815886228e-03 3.195455352387716053e-03 5.648365395145216183e+01
2.965632449274543947e-03 5.167958656330740030e-03 5.641268954060525687e+01
1.333162961069939145e-02 4.431916059823037823e-02 5.586535583405910899e+01
8.782983923320691888e-04 8.244124523194285015e-03 5.634666623238483396e+01
2.174158700024861335e-02 4.263565891472867464e-02 5.580559531734930800e+01
3.982988544254911778e-03 9.302325581395348708e-03 5.630922534837081628e+01
5.839122118191875099e-03 3.622540250447228716e-02 5.598425032476642116e+01
1.154506849434518145e-02 3.195455352387716053e-03 5.643304317474462550e+01
1.930885651815886228e-03 7.202588048586949787e-03 5.636600098131756198e+01
8.782983923320691888e-04 7.202588048586949787e-03 5.637447167858297092e+01
1.202341401676951249e-02 4.263565891472867464e-02 5.588532543384976492e+01
1.282275456082060394e-03 3.195455352387716053e-03 5.653287398776758721e+01
1.930885651815886228e-03 5.742176284811995046e-04 5.662005655549741334e+01
1.925947325340654492e-04 1.602501465702560468e-02 5.618804268575743066e+01
1.925947325340654492e-04 1.282275456082060394e-03 5.658643067155934148e+01
3.520012656225285363e-03 3.320169665057773334e-02 5.602401755349018231e+01
1.602501465702560468e-02 4.431916059823037823e-02 5.583156387724805825e+01
9.480340712681500914e-03 3.936768505851953592e-02 5.592532598849204817e+01
2.391242564117629366e-03 1.721193010116936484e-02 5.616718819541064533e+01
1.925947325340654492e-04 9.302325581395348708e-03 5.632736862567551128e+01
1.925947325340654492e-04 7.202588048586949787e-03 5.638478002340328032e+01
6.934989016574980014e-03 3.471017007983384639e-04 5.651718382804389051e+01
5.967253324547186488e-03 1.282275456082060394e-03 5.649813299885861539e+01
7.886989168895006119e-03 3.195455352387716053e-03 5.643389271403312080e+01
5.967253324547186488e-03 5.167958656330740030e-03 5.639409323705929467e+01
2.634493209768606903e-02 4.779029808998641604e-02 5.574441326675095354e+01
3.982988544254911778e-03 7.202588048586949787e-03 5.635438488201651808e+01
1.930885651815886228e-03 9.302325581395348708e-03 5.631477264954632034e+01
1.925947325340654492e-04 1.147034726161214047e-02 5.627526196730093488e+01
1.925947325340654492e-04 5.167958656330740030e-03 5.644724739224143661e+01
1.073988173593262707e-02 3.028997990238299631e-02 5.596907732250402034e+01
1.741170794820345868e-02 5.140758873929007766e-02 5.580658026419489204e+01
3.520012656225285363e-03 3.028997990238299631e-02 5.602936719386860887e+01
1.741170794820345868e-02 4.263565891472867464e-02 5.582669799296966318e+01
1.741170794820345868e-02 3.622540250447228716e-02 5.588449859426299327e+01
1.282275456082060394e-03 2.477851605758582543e-02 5.608375264501788848e+01
2.324439725542579160e-02 4.098549389822703226e-02 5.582356823608287044e+01
1.925947325340654492e-04 2.748414376321353658e-02 5.608606355657889253e+01
5.839122118191875099e-03 2.477851605758582543e-02 5.605098553788108262e+01
1.282275456082060394e-03 1.841913469820447014e-02 5.614954112730499958e+01
1.333162961069939145e-02 3.028997990238299631e-02 5.596479868467248764e+01
4.669120948190719211e-03 1.964715316760223818e-02 5.612680019299442336e+01
2.324439725542579160e-02 4.431916059823037823e-02 5.578519343486108539e+01
1.073988173593262707e-02 2.748414376321353658e-02 5.600527824933404730e+01
1.282275456082060394e-03 2.346161761679357860e-02 5.609343395621918660e+01
7.030591199569224958e-03 2.477851605758582543e-02 5.604742010238165761e+01
2.026913654820630684e-02 3.936768505851953592e-02 5.584386851085679382e+01
1.202341401676951249e-02 3.028997990238299631e-02 5.596588246834339486e+01
1.202341401676951249e-02 3.936768505851953592e-02 5.589251631611616489e+01
8.244124523194285015e-03 2.477851605758582543e-02 5.604580950399058281e+01
1.073988173593262707e-02 3.622540250447228716e-02 5.591995248548405328e+01
7.030591199569224958e-03 3.622540250447228716e-02 5.596540432410604637e+01
2.391242564117629366e-03 3.173223212345141486e-02 5.604393533619779788e+01
9.480340712681500914e-03 2.748414376321353658e-02 5.600663282854670655e+01
3.520012656225285363e-03 2.748414376321353658e-02 5.604276290572104102e+01
4.669120948190719211e-03 3.469915097822073857e-02 5.600412231926162576e+01
3.520012656225285363e-03 3.173223212345141486e-02 5.602565806070087007e+01
1.602501465702560468e-02 4.779029808998641604e-02 5.582548127911938707e+01
1.741170794820345868e-02 4.603701945894636549e-02 5.581126797231229375e+01
5.839122118191875099e-03 2.748414376321353658e-02 5.602265601345668244e+01
1.333162961069939145e-02 3.622540250447228716e-02 5.589943092174645756e+01
5.839122118191875099e-03 3.320169665057773334e-02 5.598884338938192684e+01
1.882613510520486644e-02 4.779029808998641604e-02 5.579098328735216228e+01
1.282275456082060394e-03 2.611914239821216954e-02 5.607590455693925691e+01
1.882613510520486644e-02 3.622540250447228716e-02 5.588400555588716401e+01
4.669120948190719211e-03 3.320169665057773334e-02 5.600555599867643508e+01
1.925947325340654492e-04 2.089652847994608043e-02 5.612547226591171068e+01
1.602501465702560468e-02 3.778128998268984184e-02 5.587177949390699894e+01
1.602501465702560468e-02 4.603701945894636549e-02 5.582729329818589292e+01
1.741170794820345868e-02 4.779029808998641604e-02 5.580716715994914523e+01
1.602501465702560468e-02 3.469915097822073857e-02 5.590482944015676736e+01
2.026913654820630684e-02 3.778128998268984184e-02 5.586384407386071871e+01
1.466524744917158118e-02 4.263565891472867464e-02 5.585187073625301934e+01
8.244124523194285015e-03 3.622540250447228716e-02 5.594837129589709690e+01
1.333162961069939145e-02 3.320169665057773334e-02 5.592816387531756561e+01
8.244124523194285015e-03 2.748414376321353658e-02 5.601001810337227482e+01
1.741170794820345868e-02 3.936768505851953592e-02 5.585128673564772583e+01
2.391242564117629366e-03 2.477851605758582543e-02 5.607288467784766084e+01
5.839122118191875099e-03 3.469915097822073857e-02 5.598547125546538439e+01
7.030591199569224958e-03 3.320169665057773334e-02 5.597392855773173181e+01
1.466524744917158118e-02 3.622540250447228716e-02 5.589227761954945350e+01
2.026913654820630684e-02 4.779029808998641604e-02 5.577699529242679688e+01
1.333162961069939145e-02 3.778128998268984184e-02 5.588817339392543460e+01
8.244124523194285015e-03 3.320169665057773334e-02 5.596086217371159677e+01
1.073988173593262707e-02 3.320169665057773334e-02 5.594048714707120951e+01
1.073988173593262707e-02 3.778128998268984184e-02 5.591285456622689765e+01
5.839122118191875099e-03 2.346161761679357860e-02 5.606782715170957943e+01
1.073988173593262707e-02 4.263565891472867464e-02 5.590500976881908457e+01
1.741170794820345868e-02 4.431916059823037823e-02 5.581780294601189496e+01
1.466524744917158118e-02 3.320169665057773334e-02 5.592517051212348633e+01
1.333162961069939145e-02 4.098549389822703226e-02 5.587218829622547389e+01
5.839122118191875099e-03 2.611914239821216954e-02 5.603591222836642771e+01
8.244124523194285015e-03 3.469915097822073857e-02 5.595356089119088949e+01
7.030591199569224958e-03 3.778128998268984184e-02 5.596440229434328018e+01
1.333162961069939145e-02 3.173223212345141486e-02 5.594552159115825418e+01
1.466524744917158118e-02 4.603701945894636549e-02 5.584540755212577778e+01
1.882613510520486644e-02 3.936768505851953592e-02 5.584642202121987964e+01
1.741170794820345868e-02 3.469915097822073857e-02 5.590418216112325211e+01
4.669120948190719211e-03 2.748414376321353658e-02 5.603180142691628873e+01
1.925947325340654492e-04 2.611914239821216954e-02 5.609024459791629624e+01
3.520012656225285363e-03 2.611914239821216954e-02 5.605234049359825121e+01
1.333162961069939145e-02 3.936768505851953592e-02 5.587907088481971130e+01
4.669120948190719211e-03 2.216782265741873426e-02 5.608824292804793288e+01
3.520012656225285363e-03 2.887419102482041700e-02 5.603508731261215559e+01
1.202341401676951249e-02 3.320169665057773334e-02 5.593328984558661432e+01
1.333162961069939145e-02 3.469915097822073857e-02 5.591278108042551764e+01
1.466524744917158118e-02 3.173223212345141486e-02 5.594457910950670509e+01
3.520012656225285363e-03 2.089652847994608043e-02 5.610866727903311357e+01
9.480340712681500914e-03 3.622540250447228716e-02 5.593320282755662731e+01
2.026913654820630684e-02 4.431916059823037823e-02 5.579687310986570026e+01
1.602501465702560468e-02 4.098549389822703226e-02 5.584718440213578106e+01
2.391242564117629366e-03 2.748414376321353658e-02 5.605549156918927167e+01
1.925947325340654492e-04 2.887419102482041700e-02 5.608383593668320088e+01
2.391242564117629366e-03 2.346161761679357860e-02 5.608433179384905998e+01
8.244124523194285015e-03 3.778128998268984184e-02 5.594535572123825062e+01
2.026913654820630684e-02 4.098549389822703226e-02 5.582600488789279325e+01
7.030591199569224958e-03 2.346161761679357860e-02 5.606609374671268142e+01
3.520012656225285363e-03 2.477851605758582543e-02 5.606376853602184696e+01
1.925947325340654492e-04 1.841913469820447014e-02 5.615351675756748051e+01
1.602501465702560468e-02 3.622540250447228716e-02 5.588727850414804976e+01
1.602501465702560468e-02 4.263565891472867464e-02 5.583821818396184256e+01
1.282275456082060394e-03 2.748414376321353658e-02 5.606994027786114287e+01
1.073988173593262707e-02 2.887419102482041700e-02 5.598625294427832699e+01
5.839122118191875099e-03 3.028997990238299631e-02 5.600179920714565185e+01
1.466524744917158118e-02 4.431916059823037823e-02 5.584743545410428567e+01
2.391242564117629366e-03 3.028997990238299631e-02 5.604577697080240029e+01
2.391242564117629366e-03 1.841913469820447014e-02 5.614734833883419185e+01
1.741170794820345868e-02 4.098549389822703226e-02 5.583788201119678263e+01
8.244124523194285015e-03 3.936768505851953592e-02 5.594457898735392831e+01
8.244124523194285015e-03 2.611914239821216954e-02 5.602702193921808060e+01
1.466524744917158118e-02 3.936768505851953592e-02 5.586767621359632585e+01
4.669120948190719211e-03 3.173223212345141486e-02 5.600909898492083272e+01
3.520012656225285363e-03 2.346161761679357860e-02 5.607699734488973320e+01
1.073988173593262707e-02 3.936768505851953592e-02 5.590795358002962701e+01
1.466524744917158118e-02 4.098549389822703226e-02 5.585864086819022134e+01
5.839122118191875099e-03 2.887419102482041700e-02 5.601126750201437687e+01
8.244124523194285015e-03 2.887419102482041700e-02 5.599484767391785311e+01
1.202341401676951249e-02 3.622540250447228716e-02 5.590867591097092060e+01
7.030591199569224958e-03 2.748414376321353658e-02 5.601537736847414806e+01
9.480340712681500914e-03 2.611914239821216954e-02 5.602553757259032352e+01
7.030591199569224958e-03 3.028997990238299631e-02 5.599073874391507388e+01
9.480340712681500914e-03 3.028997990238299631e-02 5.597432317057264584e+01
1.282275456082060394e-03 3.028997990238299631e-02 5.606387500740008534e+01
1.202341401676951249e-02 4.431916059823037823e-02 5.588526557050058585e+01
1.741170794820345868e-02 3.778128998268984184e-02 5.586684659793011321e+01
2.391242564117629366e-03 2.089652847994608043e-02 5.611248531312512711e+01
4.669120948190719211e-03 2.089652847994608043e-02 5.610669804369452862e+01
1.466524744917158118e-02 3.778128998268984184e-02 5.587890988709506246e+01
1.073988173593262707e-02 4.098549389822703226e-02 5.590531569397264633e+01
1.882613510520486644e-02 4.098549389822703226e-02 5.583079937819486815e+01
9.480340712681500914e-03 3.320169665057773334e-02 5.594969683253926718e+01
5.839122118191875099e-03 3.173223212345141486e-02 5.599430563676494188e+01
4.669120948190719211e-03 2.346161761679357860e-02 5.607147905311835245e+01
1.073988173593262707e-02 3.173223212345141486e-02 5.595380388521740400e+01
9.480340712681500914e-03 4.098549389822703226e-02 5.592478120025576516e+01
2.391242564117629366e-03 2.887419102482041700e-02 5.604964771941481416e+01
1.202341401676951249e-02 2.887419102482041700e-02 5.598503184490932938e+01
7.030591199569224958e-03 3.469915097822073857e-02 5.596860071792660563e+01
1.466524744917158118e-02 3.469915097822073857e-02 5.590771763120085325e+01
1.202341401676951249e-02 3.173223212345141486e-02 5.594861713734864850e+01
4.669120948190719211e-03 2.611914239821216954e-02 5.604320994010716817e+01
7.030591199569224958e-03 2.887419102482041700e-02 5.600210676343746030e+01
8.244124523194285015e-03 3.173223212345141486e-02 5.597021517849616146e+01
1.202341401676951249e-02 3.778128998268984184e-02 5.589950812517538736e+01
9.480340712681500914e-03 3.173223212345141486e-02 5.596102232283878664e+01
2.391242564117629366e-03 2.611914239821216954e-02 5.606325455729635365e+01
4.669120948190719211e-03 2.477851605758582543e-02 5.605645222857492627e+01
4.669120948190719211e-03 3.028997990238299631e-02 5.601469194636165128e+01
3.520012656225285363e-03 1.841913469820447014e-02 5.614698680288015709e+01
1.925947325340654492e-04 2.346161761679357860e-02 5.610425709857152299e+01
7.030591199569224958e-03 2.611914239821216954e-02 5.603049852917844476e+01
9.480340712681500914e-03 3.778128998268984184e-02 5.592815546416121464e+01
1.073988173593262707e-02 3.469915097822073857e-02 5.592918373378152808e+01
4.669120948190719211e-03 2.887419102482041700e-02 5.602227776354909849e+01
9.480340712681500914e-03 3.469915097822073857e-02 5.594040386659369091e+01
1.202341401676951249e-02 4.098549389822703226e-02 5.588776601823703061e+01
7.030591199569224958e-03 3.173223212345141486e-02 5.598132731615967117e+01
1.202341401676951249e-02 3.469915097822073857e-02 5.591995667755875132e+01
9.480340712681500914e-03 2.887419102482041700e-02 5.598954434010833126e+01
