6.420428636570907344e-02 1.170780941166575662e-01 9.160829798583682759e+01
3.968992248062019890e-03 3.209701722854602091e-02 9.244070315374580105e+01
5.987703822507350893e-02 1.111247829594082803e-01 9.164758353256422652e+01
5.574427314693841673e-02 1.054583783639541639e-01 9.168725891235469305e+01
5.179316807223785513e-02 1.000586281024037627e-01 9.172728879675712221e+01
4.801200300075020300e-02 9.490714222069474015e-02 9.176764183349929738e+01
4.439004487964096080e-02 8.998718379434345049e-02 9.180829012094120856e+01
3.130879807330472220e-02 4.756916384823361987e-02 9.218877018402689316e+01
1.664845741636751530e-02 4.632343893629792264e-04 9.306879279177103115e+01
1.368618016573108775e-02 4.632343893629792264e-04 9.307379156757662031e+01
3.758515386422364712e-02 8.760920388827364569e-02 9.196128079135057476e+01
2.834994462901441192e-02 6.836918464825442188e-02 9.201517424357159314e+01
1.214289586382609476e-02 2.112164748850425822e-03 9.303052244103032820e+01
2.550170252843583785e-02 6.455927984825060584e-02 9.205715257024871789e+01
1.055583044697344652e-02 3.805361695169706682e-03 9.298732893537565758e+01
9.745293466223700629e-03 4.669120948190719211e-03 9.296576177647786210e+01
9.745293466223700629e-03 3.805361695169706682e-03 9.299458697278029717e+01
8.088978766430734990e-03 2.953119232188994303e-03 9.305041453611988800e+01
2.275798307375009877e-02 6.089733251620810250e-02 9.209929705688142576e+01
4.628022677311119382e-03 4.632343893629792264e-04 9.326736177901933900e+01
2.011313639220616012e-02 5.737488793967199241e-02 9.214159572667348641e+01
1.390002673082063600e-02 4.912916540823517031e-02 9.224794795403585113e+01
8.923094082873228583e-03 4.632343893629792264e-04 9.314429837437775461e+01
7.242686584054774945e-03 1.282275456082060394e-03 9.314463264686972366e+01
3.730255872238741333e-03 3.451697803857206592e-04 9.335068267242701268e+01
1.055583044697344652e-02 5.544632027783436001e-03 9.293542233446234491e+01
0.000000000000000000e+00 4.669120948190719211e-03 9.318225511705838926e+01
6.383948928408572643e-03 4.632343893629792264e-04 9.321065076806497984e+01
0.000000000000000000e+00 1.282275456082060394e-03 9.339836133897921400e+01
2.953119232188994303e-03 3.603301785830612114e-02 9.246869533284912279e+01
1.390002673082063600e-02 3.603301785830612114e-02 9.231498169483506899e+01
0.000000000000000000e+00 6.432136409836308744e-03 9.308388807957210531e+01
1.055583044697344652e-02 4.632343893629792264e-04 9.311191240670667923e+01
1.368618016573108775e-02 2.112164748850425822e-03 9.302331125905608644e+01
8.923094082873228583e-03 2.112164748850425822e-03 9.307087118891347188e+01
1.214289586382609476e-02 3.805361695169706682e-03 9.297934367940681000e+01
1.953244216565952485e-03 3.209701722854602091e-02 9.248178738363672835e+01
0.000000000000000000e+00 2.957882327724789540e-02 9.252557093849301850e+01
1.756191260204431615e-02 5.071779085007163679e-02 9.217408165405429088e+01
2.011313639220616012e-02 4.160046222735808152e-02 9.222788159989194412e+01
8.200397206739706846e-03 3.082768369211932868e-02 9.240665804012262186e+01
1.756191260204431615e-02 3.876915504822481262e-02 9.227178214884526142e+01
1.509942703067071457e-02 4.756916384823361987e-02 9.221792403855747011e+01
2.818886539816767289e-03 2.953119232188994303e-03 9.318449717845220448e+01
8.088978766430734990e-03 9.169125448195231121e-03 9.284593870732992116e+01
9.689922480620172252e-04 2.834994462901441192e-02 9.250738911304895851e+01
9.689922480620172252e-04 3.082768369211932868e-02 9.250367194596898912e+01
1.272112900019878312e-02 4.453199266946952783e-02 9.226182322015054638e+01
1.272112900019878312e-02 3.338733148458306044e-02 9.235973992985798020e+01
1.042277376066705341e-02 4.160046222735808152e-02 9.230577569921122461e+01
8.923094082873228583e-03 5.544632027783436001e-03 9.294421504129874734e+01
8.200397206739706846e-03 3.876915504822481262e-02 9.234977827185483079e+01
6.050293061070161071e-03 3.603301785830612114e-02 9.239382800035168941e+01
3.968992248062019890e-03 3.338733148458306044e-02 9.243792218694086671e+01
5.512489233419459733e-03 4.632343893629792264e-04 9.323772121498974741e+01
1.953244216565952485e-03 3.082768369211932868e-02 9.248205835060159075e+01
7.116533231668581427e-03 2.834994462901441192e-02 9.244817660000252602e+01
1.042277376066705341e-02 3.603301785830612114e-02 9.233136119178227830e+01
1.893603171785315786e-03 1.282275456082060394e-03 9.331863710182113891e+01
7.242686584054774945e-03 2.112164748850425822e-03 9.310477540357133819e+01
5.001250312578142676e-03 2.595024459151909491e-02 9.249262870148750437e+01
0.000000000000000000e+00 4.632343893629792264e-04 9.345623714935874204e+01
1.214289586382609476e-02 4.632343893629792264e-04 9.308853590212443407e+01
1.042277376066705341e-02 3.082768369211932868e-02 9.240379102022484403e+01
8.200397206739706846e-03 2.834994462901441192e-02 9.244788656678184680e+01
7.242686584054774945e-03 4.632343893629792264e-04 9.318609343132013123e+01
3.730255872238741333e-03 2.112164748850425822e-03 9.320213550705148009e+01
1.893603171785315786e-03 4.632343893629792264e-04 9.337230072994488239e+01
1.055583044697344652e-02 2.112164748850425822e-03 9.304625164915913160e+01
0.000000000000000000e+00 2.112164748850425822e-03 9.334199431250502244e+01
8.923094082873228583e-03 3.805361695169706682e-03 9.300408538505413958e+01
1.893603171785315786e-03 2.112164748850425822e-03 9.326650594960909757e+01
1.953244216565952485e-03 2.714057199107033913e-02 9.249954794871248964e+01
6.050293061070161071e-03 2.957882327724789540e-02 9.243483690231373373e+01
5.001250312578142676e-03 3.082768369211932868e-02 9.243234578913876476e+01
2.818886539816767289e-03 8.244124523194285015e-03 9.292864753521193677e+01
8.923094082873228583e-03 7.331882231641662084e-03 9.289154954922838670e+01
6.050293061070161071e-03 3.338733148458306044e-02 9.240167629969261043e+01
2.818886539816767289e-03 5.544632027783436001e-03 9.304887804970088894e+01
7.242686584054774945e-03 3.805361695169706682e-03 9.303000208863903708e+01
8.200397206739706846e-03 3.338733148458306044e-02 9.237619035390511613e+01
6.383948928408572643e-03 5.544632027783436001e-03 9.297447246399529774e+01
4.628022677311119382e-03 1.010715455523841788e-02 9.283680747123091237e+01
0.000000000000000000e+00 2.477851605758582543e-02 9.254435959059505024e+01
2.818886539816767289e-03 1.602501465702560468e-02 9.269110509495050110e+01
6.383948928408572643e-03 9.169125448195231121e-03 9.285181219725977542e+01
7.242686584054774945e-03 8.244124523194285015e-03 9.287351176767923278e+01
0.000000000000000000e+00 2.026913654820630684e-02 9.260386450309862028e+01
3.968992248062019890e-03 2.477851605758582543e-02 9.251486409076581197e+01
2.818886539816767289e-03 6.432136409836308744e-03 9.300704399321240601e+01
6.050293061070161071e-03 2.834994462901441192e-02 9.245131630613997231e+01
9.540846750148990196e-04 1.602501465702560468e-02 9.269479433282972991e+01
4.628022677311119382e-03 5.544632027783436001e-03 9.300662523554628081e+01
1.893603171785315786e-03 3.805361695169706682e-03 9.316696583411285815e+01
6.050293061070161071e-03 3.082768369211932868e-02 9.242102568846763688e+01
0.000000000000000000e+00 3.805361695169706682e-03 9.323390944332702190e+01
6.383948928408572643e-03 1.010715455523841788e-02 9.282583692646497298e+01
2.818886539816767289e-03 1.202341401676951249e-02 9.279400805137986197e+01
0.000000000000000000e+00 1.602501465702560468e-02 9.270044735212829323e+01
9.689922480620172252e-04 2.714057199107033913e-02 9.251334785764660751e+01
3.730255872238741333e-03 6.432136409836308744e-03 9.298676076947560887e+01
9.689922480620172252e-04 2.477851605758582543e-02 9.253314095687619556e+01
9.689922480620172252e-04 2.595024459151909491e-02 9.252195276103697097e+01
2.953119232188994303e-03 2.248913876820854418e-02 9.255830412512348460e+01
9.540846750148990196e-04 1.811540305118924943e-02 9.264680453913814517e+01
5.512489233419459733e-03 2.112164748850425822e-03 9.314838233016268987e+01
0.000000000000000000e+00 2.714057199107033913e-02 9.252963001821966316e+01
5.512489233419459733e-03 1.202341401676951249e-02 9.277977327109024941e+01
2.818886539816767289e-03 1.399521723080873747e-02 9.273841492294799593e+01
7.242686584054774945e-03 6.432136409836308744e-03 9.293070836730721851e+01
6.050293061070161071e-03 2.595024459151909491e-02 9.249202408847787638e+01
6.383948928408572643e-03 3.805361695169706682e-03 9.304652346122256290e+01
5.001250312578142676e-03 2.834994462901441192e-02 9.245723572879981589e+01
0.000000000000000000e+00 8.244124523194285015e-03 9.299234125007630780e+01
3.968992248062019890e-03 3.082768369211932868e-02 9.244633388238486305e+01
1.953244216565952485e-03 2.248913876820854418e-02 9.255935280323241443e+01
2.818886539816767289e-03 1.010715455523841788e-02 9.285753032936582940e+01
1.953244216565952485e-03 2.834994462901441192e-02 9.249100627933451335e+01
0.000000000000000000e+00 1.202341401676951249e-02 9.283089121559825685e+01
9.689922480620172252e-04 2.026913654820630684e-02 9.260253697219587821e+01
5.512489233419459733e-03 4.669120948190719211e-03 9.302654665918917942e+01
1.953244216565952485e-03 2.957882327724789540e-02 9.248515423384981204e+01
1.893603171785315786e-03 6.432136409836308744e-03 9.302995169948239607e+01
9.689922480620172252e-04 2.248913876820854418e-02 9.256302557347343907e+01
9.540846750148990196e-04 1.399521723080873747e-02 9.275131016847477383e+01
9.540846750148990196e-04 1.010715455523841788e-02 9.288846177703493368e+01
3.730255872238741333e-03 4.669120948190719211e-03 9.306788209649172927e+01
6.383948928408572643e-03 1.105848903968648100e-02 9.280181834242038974e+01
0.000000000000000000e+00 2.834994462901441192e-02 9.252623420640715324e+01
7.242686584054774945e-03 7.331882231641662084e-03 9.290118503827915220e+01
0.000000000000000000e+00 1.811540305118924943e-02 9.264773137193664354e+01
4.628022677311119382e-03 1.399521723080873747e-02 9.273543703608817168e+01
2.953119232188994303e-03 2.362495385751200994e-02 9.253710550560664672e+01
3.730255872238741333e-03 3.805361695169706682e-03 9.311099116279250154e+01
7.242686584054774945e-03 1.010715455523841788e-02 9.282387357116041926e+01
9.540846750148990196e-04 3.805361695169706682e-03 9.319903444510691770e+01
5.512489233419459733e-03 6.432136409836308744e-03 9.295383140490383767e+01
3.730255872238741333e-03 8.244124523194285015e-03 9.291267383980881789e+01
0.000000000000000000e+00 2.595024459151909491e-02 9.253569293434890142e+01
4.628022677311119382e-03 7.331882231641662084e-03 9.293323147382169225e+01
5.512489233419459733e-03 3.805361695169706682e-03 9.306549148255297155e+01
1.893603171785315786e-03 1.010715455523841788e-02 9.287169035807782791e+01
4.628022677311119382e-03 1.300222280647242434e-02 9.275773861643300222e+01
2.818886539816767289e-03 7.331882231641662084e-03 9.296695489841391691e+01
0.000000000000000000e+00 5.544632027783436001e-03 9.313223666546794277e+01
4.628022677311119382e-03 1.105848903968648100e-02 9.280846748321162920e+01
9.689922480620172252e-04 2.362495385751200994e-02 9.254685155685608322e+01
3.730255872238741333e-03 5.544632027783436001e-03 9.302646027913007742e+01
9.540846750148990196e-04 1.706246667486976953e-02 9.266970969878094877e+01
9.540846750148990196e-04 9.169125448195231121e-03 9.292752579808987434e+01
4.628022677311119382e-03 1.202341401676951249e-02 9.278209685916138483e+01
0.000000000000000000e+00 1.399521723080873747e-02 9.276162294734440650e+01
2.818886539816767289e-03 1.500270792411345644e-02 9.271370164313856321e+01
7.242686584054774945e-03 5.544632027783436001e-03 9.296204357430192999e+01
0.000000000000000000e+00 1.010715455523841788e-02 9.290790615908852601e+01
3.968992248062019890e-03 2.834994462901441192e-02 9.246586718442431163e+01
2.818886539816767289e-03 1.300222280647242434e-02 9.276519869316727807e+01
9.540846750148990196e-04 7.331882231641662084e-03 9.301110531488578204e+01
9.540846750148990196e-04 1.202341401676951249e-02 9.281598222172029011e+01
9.540846750148990196e-04 1.105848903968648100e-02 9.285126707327799522e+01
1.953244216565952485e-03 2.595024459151909491e-02 9.251071483075601520e+01
3.730255872238741333e-03 1.399521723080873747e-02 9.273571464741330317e+01
9.540846750148990196e-04 5.544632027783436001e-03 9.310170344765327854e+01
1.893603171785315786e-03 1.202341401676951249e-02 9.280370806525338878e+01
1.893603171785315786e-03 5.544632027783436001e-03 9.307393849833445643e+01
5.512489233419459733e-03 7.331882231641662084e-03 9.292013315354103042e+01
7.242686584054774945e-03 9.169125448195231121e-03 9.284772781775662054e+01
0.000000000000000000e+00 9.169125448195231121e-03 9.294921587131550211e+01
3.968992248062019890e-03 2.595024459151909491e-02 9.249598938525313940e+01
1.893603171785315786e-03 7.331882231641662084e-03 9.298769647766162905e+01
3.730255872238741333e-03 1.500270792411345644e-02 9.271326723790978974e+01
1.893603171785315786e-03 1.399521723080873747e-02 9.274359409926067599e+01
0.000000000000000000e+00 2.362495385751200994e-02 9.255556861646985567e+01
4.628022677311119382e-03 9.169125448195231121e-03 9.286707502478783738e+01
9.540846750148990196e-04 1.500270792411345644e-02 9.272201012248143570e+01
3.968992248062019890e-03 2.362495385751200994e-02 9.253620130035864122e+01
6.383948928408572643e-03 7.331882231641662084e-03 9.290946900576572887e+01
5.512489233419459733e-03 1.010715455523841788e-02 9.283013060595600052e+01
5.512489233419459733e-03 9.169125448195231121e-03 9.285824352011113092e+01
3.730255872238741333e-03 7.331882231641662084e-03 9.294881960569325940e+01
2.818886539816767289e-03 1.105848903968648100e-02 9.282479938583247758e+01
1.893603171785315786e-03 9.169125448195231121e-03 9.290852775003865816e+01
9.540846750148990196e-04 1.300222280647242434e-02 9.278264893931017809e+01
0.000000000000000000e+00 7.331882231641662084e-03 9.303724429993400236e+01
3.730255872238741333e-03 1.202341401676951249e-02 9.278682333670391813e+01
1.893603171785315786e-03 1.602501465702560468e-02 9.269169989332364423e+01
1.893603171785315786e-03 1.706246667486976953e-02 9.266895079650765865e+01
3.730255872238741333e-03 9.169125448195231121e-03 9.287836157363888390e+01
5.512489233419459733e-03 1.105848903968648100e-02 9.280395981818126927e+01
3.730255872238741333e-03 1.010715455523841788e-02 9.284592199626044362e+01
0.000000000000000000e+00 2.137066436729137542e-02 9.258537780027216968e+01
8.088978766430734990e-03 7.331882231641662084e-03 9.289522884522175161e+01
3.730255872238741333e-03 1.300222280647242434e-02 9.276024842933948378e+01
5.512489233419459733e-03 5.544632027783436001e-03 9.298931476909999105e+01
1.893603171785315786e-03 8.244124523194285015e-03 9.294720932065521879e+01
1.953244216565952485e-03 2.362495385751200994e-02 9.254067672126835475e+01
9.540846750148990196e-04 8.244124523194285015e-03 9.296841974199136871e+01
9.689922480620172252e-04 2.137066436729137542e-02 9.258160584639095703e+01
0.000000000000000000e+00 1.105848903968648100e-02 9.286845120084694827e+01
5.512489233419459733e-03 1.300222280647242434e-02 9.275761430712616118e+01
0.000000000000000000e+00 1.500270792411345644e-02 9.273000114078217848e+01
5.512489233419459733e-03 8.244124523194285015e-03 9.288825763126314428e+01
2.818886539816767289e-03 9.169125448195231121e-03 9.289215971530470028e+01
1.893603171785315786e-03 1.500270792411345644e-02 9.271659674917047766e+01
0.000000000000000000e+00 1.300222280647242434e-02 9.279526759517835899e+01
0.000000000000000000e+00 1.918417305722777688e-02 9.262466652699713165e+01
0.000000000000000000e+00 1.706246667486976953e-02 9.267300811511309178e+01
3.730255872238741333e-03 1.105848903968648100e-02 9.281539542309697310e+01
1.893603171785315786e-03 1.300222280647242434e-02 9.277264605723638624e+01
1.953244216565952485e-03 2.137066436729137542e-02 9.258041609517910331e+01
1.893603171785315786e-03 1.105848903968648100e-02 9.283673684621925304e+01
