2.275798307375009877e-02 5.911917539824515511e-02 7.405786135959483829e+01
1.013211049241183603e-01 1.442453168624148185e-01 7.326115899827983924e+01
2.011313639220616012e-02 5.737488793967199241e-02 7.410304184676250827e+01
1.078530502190765128e-01 1.368952805716106003e-01 7.331926026049178802e+01
1.013211049241183603e-01 1.299372462163159714e-01 7.335961946438867187e+01
3.730255872238741333e-03 1.202341401676951249e-02 7.473542222075379016e+01
8.376120004026982313e-02 1.233406681911665415e-01 7.339090785262604300e+01
8.376120004026982313e-02 1.299372462163159714e-01 7.337746801718121503e+01
7.850063781768226723e-02 1.233406681911665415e-01 7.342014757143913073e+01
7.349985644559287046e-02 1.170780941166575662e-01 7.346288192584860610e+01
8.930232558139536425e-02 1.170780941166575662e-01 7.344104559070227367e+01
6.874007658541142485e-02 1.111247829594082803e-01 7.350566667286416589e+01
6.420428636570907344e-02 8.528348727684276209e-02 7.371360722382688380e+01
1.214289586382609476e-02 7.331882231641662084e-03 7.485217747182414882e+01
8.376120004026982313e-02 1.111247829594082803e-01 7.348206640184187677e+01
6.420428636570907344e-02 1.054583783639541639e-01 7.354849793303328909e+01
1.055583044697344652e-02 9.169125448195231121e-03 7.480866876679148447e+01
7.850063781768226723e-02 1.054583783639541639e-01 7.352326642654715272e+01
8.923094082873228583e-03 1.105848903968648100e-02 7.476517358149919801e+01
7.349985644559287046e-02 1.027263618625745001e-01 7.353602586357926896e+01
6.874007658541142485e-02 1.000586281024037627e-01 7.355468400216336988e+01
6.420428636570907344e-02 9.490714222069474015e-02 7.359755981685044901e+01
5.987703822507350893e-02 8.998718379434345049e-02 7.364047568098160923e+01
5.987703822507350893e-02 1.000586281024037627e-01 7.359137228046280654e+01
4.263565891472867464e-02 7.647024538089408630e-02 7.379177342074000023e+01
1.882613510520486644e-02 4.756916384823361987e-02 7.413850126225314341e+01
1.953244216565952485e-03 2.477851605758582543e-02 7.448914895912093925e+01
5.574427314693841673e-02 9.490714222069474015e-02 7.363428668027772517e+01
5.179316807223785513e-02 8.998718379434345049e-02 7.367723843591708999e+01
4.801200300075020300e-02 8.078210028697652145e-02 7.373736119178228421e+01
0.000000000000000000e+00 1.918417305722777688e-02 7.458389781394463114e+01
4.801200300075020300e-02 8.528348727684276209e-02 7.372022514453713882e+01
8.923094082873228583e-03 3.805361695169706682e-03 7.493848854675651694e+01
7.242686584054774945e-03 5.544632027783436001e-03 7.489709818943431685e+01
5.512489233419459733e-03 7.331882231641662084e-03 7.485581427964271484e+01
4.439004487964096080e-02 8.078210028697652145e-02 7.376324465912732364e+01
3.730255872238741333e-03 9.169125448195231121e-03 7.481464258330768757e+01
2.275798307375009877e-02 4.453199266946952783e-02 7.415494626934878397e+01
4.439004487964096080e-02 7.647024538089408630e-02 7.378071410585145884e+01
4.091744585630943676e-02 7.233619892454704048e-02 7.382407721812239743e+01
4.091744585630943676e-02 7.647024538089408630e-02 7.380629505620865416e+01
3.758515386422364712e-02 7.233619892454704048e-02 7.384937460819328692e+01
7.242686584054774945e-03 3.451697803857206592e-04 7.512337715230317770e+01
3.438483383222043499e-02 6.836918464825442188e-02 7.389248175965268217e+01
1.509942703067071457e-02 4.603701945894636549e-02 7.418875452139351978e+01
3.758515386422364712e-02 6.836918464825442188e-02 7.386745050514340960e+01
3.438483383222043499e-02 6.455927984825060584e-02 7.391083394353468350e+01
3.130879807330472220e-02 6.089733251620810250e-02 7.395422750998791628e+01
3.758515386422364712e-02 6.455927984825060584e-02 7.389867948301687761e+01
2.953119232188994303e-03 2.957882327724789540e-02 7.443320348641236706e+01
2.834994462901441192e-02 5.737488793967199241e-02 7.399763118126615780e+01
5.512489233419459733e-03 4.632343893629792264e-04 7.512395924372198408e+01
2.550170252843583785e-02 5.398412353422132881e-02 7.404104493420346955e+01
8.923094082873228583e-03 4.632343893629792264e-04 7.505819773501958991e+01
2.275798307375009877e-02 5.071779085007163679e-02 7.408446874570472573e+01
7.242686584054774945e-03 2.112164748850425822e-03 7.501874782632543770e+01
5.512489233419459733e-03 1.282275456082060394e-03 7.508598204207251570e+01
5.512489233419459733e-03 3.805361695169706682e-03 7.497948749283747816e+01
3.730255872238741333e-03 2.112164748850425822e-03 7.508755548350031006e+01
0.000000000000000000e+00 2.957882327724789540e-02 7.448205814662347279e+01
1.893603171785315786e-03 1.105848903968648100e-02 7.477358929925928521e+01
3.730255872238741333e-03 5.544632027783436001e-03 7.494042730032269617e+01
1.893603171785315786e-03 3.805361695169706682e-03 7.505147798476158982e+01
0.000000000000000000e+00 1.300222280647242434e-02 7.473266109899402920e+01
2.691238847447710580e-02 5.233583528157170761e-02 7.404975779870623853e+01
9.689922480620172252e-04 2.137066436729137542e-02 7.454337378683567295e+01
1.893603171785315786e-03 1.399521723080873747e-02 7.469313369222459187e+01
1.893603171785315786e-03 7.331882231641662084e-03 7.490157859929817619e+01
7.242686584054774945e-03 4.632343893629792264e-04 7.508727572963140062e+01
3.730255872238741333e-03 1.300222280647242434e-02 7.471206252200974518e+01
1.156221258704506760e-02 4.453199266946952783e-02 7.424794325123286853e+01
3.730255872238741333e-03 8.244124523194285015e-03 7.484398960537718892e+01
5.512489233419459733e-03 2.112164748850425822e-03 7.504922778619099688e+01
1.893603171785315786e-03 1.500270792411345644e-02 7.466944909099547090e+01
0.000000000000000000e+00 3.451697803857206592e-04 7.533195033704808452e+01
1.893603171785315786e-03 9.169125448195231121e-03 7.483472914720684344e+01
3.730255872238741333e-03 3.805361695169706682e-03 7.501143188575943554e+01
0.000000000000000000e+00 1.706246667486976953e-02 7.462688938297557684e+01
0.000000000000000000e+00 1.105848903968648100e-02 7.479487401840489724e+01
1.893603171785315786e-03 5.544632027783436001e-03 7.497390237813797853e+01
3.438483383222043499e-02 6.089733251620810250e-02 7.394181427330588008e+01
1.390002673082063600e-02 4.453199266946952783e-02 7.421028315462316982e+01
2.550170252843583785e-02 5.737488793967199241e-02 7.402195542870765621e+01
3.130879807330472220e-02 5.737488793967199241e-02 7.398497398660495605e+01
1.893603171785315786e-03 4.632343893629792264e-04 7.522155350507624405e+01
2.275798307375009877e-02 5.398412353422132881e-02 7.406516020691798019e+01
2.834994462901441192e-02 5.398412353422132881e-02 7.402815747198872032e+01
0.000000000000000000e+00 2.112164748850425822e-03 7.518923267049375170e+01
0.000000000000000000e+00 7.331882231641662084e-03 7.493665468925264861e+01
2.550170252843583785e-02 5.071779085007163679e-02 7.407136368396872683e+01
2.275798307375009877e-02 4.756916384823361987e-02 7.411459167089560651e+01
0.000000000000000000e+00 5.544632027783436001e-03 7.501574565245960002e+01
0.000000000000000000e+00 2.248913876820854418e-02 7.453264440071748709e+01
1.272112900019878312e-02 3.209701722854602091e-02 7.434840619129670358e+01
9.689922480620172252e-04 2.957882327724789540e-02 7.446386913407810937e+01
0.000000000000000000e+00 9.169125448195231121e-03 7.486295359623930779e+01
0.000000000000000000e+00 1.500270792411345644e-02 7.467657447837356699e+01
1.953244216565952485e-03 2.137066436729137542e-02 7.454083483114361286e+01
2.011313639220616012e-02 4.912916540823517031e-02 7.411680584100388103e+01
1.953244216565952485e-03 3.209701722854602091e-02 7.443936919631246951e+01
9.689922480620172252e-04 2.595024459151909491e-02 7.448604033207793407e+01
1.156221258704506760e-02 4.017260472753655942e-02 7.425983933564707229e+01
1.756191260204431615e-02 4.603701945894636549e-02 7.416019982878337657e+01
9.689922480620172252e-04 2.834994462901441192e-02 7.446917942524933665e+01
1.756191260204431615e-02 4.017260472753655942e-02 7.421959545162187055e+01
1.631986944104446557e-02 3.876915504822481262e-02 7.424113284206949004e+01
0.000000000000000000e+00 2.477851605758582543e-02 7.450778629487800231e+01
1.882613510520486644e-02 4.017260472753655942e-02 7.421901903732494077e+01
7.116533231668581427e-03 2.957882327724789540e-02 7.439605089084604117e+01
2.011313639220616012e-02 4.453199266946952783e-02 7.415784056482345932e+01
0.000000000000000000e+00 3.082768369211932868e-02 7.448091164779457074e+01
1.156221258704506760e-02 3.738949265161325974e-02 7.427999975648363318e+01
2.953119232188994303e-03 2.362495385751200994e-02 7.450012175924257463e+01
9.302325581395348708e-03 2.957882327724789540e-02 7.439038131533935427e+01
2.953119232188994303e-03 2.595024459151909491e-02 7.446740547492296969e+01
1.156221258704506760e-02 3.469915097822073857e-02 7.430936547188763086e+01
9.302325581395348708e-03 4.160046222735808152e-02 7.429037874149774723e+01
8.200397206739706846e-03 4.017260472753655942e-02 7.431161996776616263e+01
1.042277376066705341e-02 4.305336985875540812e-02 7.426915301478334186e+01
9.302325581395348708e-03 3.469915097822073857e-02 7.432347848039663063e+01
1.272112900019878312e-02 4.017260472753655942e-02 7.424702504617161480e+01
5.001250312578142676e-03 3.469915097822073857e-02 7.437795411802282786e+01
1.390002673082063600e-02 3.603301785830612114e-02 7.428422997358019586e+01
2.011313639220616012e-02 4.160046222735808152e-02 7.419764907166100443e+01
9.689922480620172252e-04 3.082768369211932868e-02 7.446070746242604343e+01
7.116533231668581427e-03 2.714057199107033913e-02 7.443332331601094154e+01
2.953119232188994303e-03 3.209701722854602091e-02 7.442089331322348755e+01
7.116533231668581427e-03 3.876915504822481262e-02 7.433287624951802286e+01
5.001250312578142676e-03 3.338733148458306044e-02 7.438277469628447136e+01
5.001250312578142676e-03 3.603301785830612114e-02 7.437543229503008035e+01
1.390002673082063600e-02 3.738949265161325974e-02 7.426604922614306759e+01
9.302325581395348708e-03 3.738949265161325974e-02 7.430315416474874723e+01
1.509942703067071457e-02 3.738949265161325974e-02 7.426267774134497301e+01
6.050293061070161071e-03 3.738949265161325974e-02 7.435414716123649725e+01
7.116533231668581427e-03 3.209701722854602091e-02 7.436696711446111863e+01
3.968992248062019890e-03 2.957882327724789540e-02 7.442081948150617166e+01
8.200397206739706846e-03 3.469915097822073857e-02 7.433389869340196299e+01
2.953119232188994303e-03 2.834994462901441192e-02 7.444255691022418375e+01
1.042277376066705341e-02 4.017260472753655942e-02 7.427491448903404603e+01
1.390002673082063600e-02 4.160046222735808152e-02 7.422531414684343076e+01
9.302325581395348708e-03 3.338733148458306044e-02 7.433700485504121502e+01
7.116533231668581427e-03 2.834994462901441192e-02 7.441368839716315620e+01
7.116533231668581427e-03 3.469915097822073857e-02 7.434648681963501815e+01
5.001250312578142676e-03 3.209701722854602091e-02 7.438983675976268728e+01
3.968992248062019890e-03 2.714057199107033913e-02 7.444566483485527897e+01
3.968992248062019890e-03 2.362495385751200994e-02 7.449780444073269337e+01
1.509942703067071457e-02 4.305336985875540812e-02 7.420360629540134312e+01
1.509942703067071457e-02 4.017260472753655942e-02 7.422841853549525126e+01
1.272112900019878312e-02 4.305336985875540812e-02 7.423181948144947739e+01
0.000000000000000000e+00 2.714057199107033913e-02 7.449079572184670894e+01
5.001250312578142676e-03 3.082768369211932868e-02 7.439908492867719758e+01
7.116533231668581427e-03 3.738949265161325974e-02 7.433505340011906526e+01
3.968992248062019890e-03 3.469915097822073857e-02 7.439673125975821222e+01
6.050293061070161071e-03 2.595024459151909491e-02 7.445480815879977854e+01
8.200397206739706846e-03 3.738949265161325974e-02 7.431803816603699886e+01
0.000000000000000000e+00 2.362495385751200994e-02 7.451925505084950885e+01
1.953244216565952485e-03 3.338733148458306044e-02 7.443860125793830207e+01
9.302325581395348708e-03 3.209701722854602091e-02 7.435269954030242445e+01
1.272112900019878312e-02 3.469915097822073857e-02 7.430578937030553277e+01
8.200397206739706846e-03 2.957882327724789540e-02 7.439209547121024002e+01
9.302325581395348708e-03 3.082768369211932868e-02 7.437050896595890492e+01
8.200397206739706846e-03 2.834994462901441192e-02 7.441184762598477676e+01
6.050293061070161071e-03 2.714057199107033913e-02 7.443528761256698090e+01
1.390002673082063600e-02 3.876915504822481262e-02 7.425012979022346826e+01
7.116533231668581427e-03 3.082768369211932868e-02 7.438046013626455988e+01
1.156221258704506760e-02 3.876915504822481262e-02 7.426873897133235403e+01
7.116533231668581427e-03 3.603301785830612114e-02 7.433961035599180889e+01
1.756191260204431615e-02 5.071779085007163679e-02 7.414253460047768840e+01
6.050293061070161071e-03 2.834994462901441192e-02 7.441773288954517795e+01
3.968992248062019890e-03 2.595024459151909491e-02 7.446110924015832211e+01
1.156221258704506760e-02 4.160046222735808152e-02 7.425336331820842872e+01
2.953119232188994303e-03 3.082768369211932868e-02 7.442596472929598406e+01
1.756191260204431615e-02 3.876915504822481262e-02 7.424040091168266997e+01
1.631986944104446557e-02 4.160046222735808152e-02 7.420671032825086399e+01
2.953119232188994303e-03 3.338733148458306044e-02 7.441804368020711991e+01
6.050293061070161071e-03 3.209701722854602091e-02 7.437735326823256798e+01
1.042277376066705341e-02 3.082768369211932868e-02 7.436892462014206728e+01
1.156221258704506760e-02 3.338733148458306044e-02 7.432735577007370864e+01
6.050293061070161071e-03 2.957882327724789540e-02 7.440219214930708347e+01
8.200397206739706846e-03 3.209701722854602091e-02 7.435873103228188086e+01
1.272112900019878312e-02 3.738949265161325974e-02 7.427184407038249958e+01
9.302325581395348708e-03 3.876915504822481262e-02 7.429647282545873566e+01
1.953244216565952485e-03 2.714057199107033913e-02 7.446429719888750753e+01
1.509942703067071457e-02 4.453199266946952783e-02 7.419490181294011677e+01
1.953244216565952485e-03 2.957882327724789540e-02 7.444756905558801918e+01
1.953244216565952485e-03 2.362495385751200994e-02 7.450450169595104910e+01
9.302325581395348708e-03 3.603301785830612114e-02 7.431217581502075120e+01
1.953244216565952485e-03 2.834994462901441192e-02 7.445489299928165394e+01
1.756191260204431615e-02 4.453199266946952783e-02 7.417134645237040047e+01
2.011313639220616012e-02 5.071779085007163679e-02 7.410838676318496709e+01
7.116533231668581427e-03 3.338733148458306044e-02 7.435562451724656796e+01
1.882613510520486644e-02 4.160046222735808152e-02 7.419806575366843049e+01
0.000000000000000000e+00 2.834994462901441192e-02 7.448537024026680342e+01
1.042277376066705341e-02 3.469915097822073857e-02 7.431528162286410577e+01
1.272112900019878312e-02 4.453199266946952783e-02 7.422798357711060646e+01
1.509942703067071457e-02 4.756916384823361987e-02 7.418523456727048426e+01
3.968992248062019890e-03 3.603301785830612114e-02 7.439636100896561288e+01
1.042277376066705341e-02 3.209701722854602091e-02 7.434892901810597721e+01
5.001250312578142676e-03 2.957882327724789540e-02 7.441046563610409237e+01
0.000000000000000000e+00 2.595024459151909491e-02 7.449828405242806184e+01
1.272112900019878312e-02 3.338733148458306044e-02 7.432604107053201403e+01
1.509942703067071457e-02 3.603301785830612114e-02 7.428319907375573905e+01
3.968992248062019890e-03 3.338733148458306044e-02 7.439941902523379724e+01
5.001250312578142676e-03 2.834994462901441192e-02 7.442392705433557865e+01
1.042277376066705341e-02 4.160046222735808152e-02 7.427077891440355017e+01
1.042277376066705341e-02 3.738949265161325974e-02 7.429045590109713260e+01
1.042277376066705341e-02 3.338733148458306044e-02 7.433103031307517483e+01
1.156221258704506760e-02 3.603301785830612114e-02 7.429356135474429834e+01
0.000000000000000000e+00 2.137066436729137542e-02 7.454790984630797368e+01
1.042277376066705341e-02 3.876915504822481262e-02 7.428149448643853248e+01
1.953244216565952485e-03 2.595024459151909491e-02 7.447573190856829228e+01
3.968992248062019890e-03 2.834994462901441192e-02 7.443221859773221638e+01
1.272112900019878312e-02 4.160046222735808152e-02 7.423818878721085923e+01
1.272112900019878312e-02 3.876915504822481262e-02 7.425826411790679060e+01
8.200397206739706846e-03 3.603301785830612114e-02 7.432481829878281587e+01
6.050293061070161071e-03 3.469915097822073857e-02 7.436118924688123855e+01
2.011313639220616012e-02 4.756916384823361987e-02 7.412790259274518689e+01
1.756191260204431615e-02 4.756916384823361987e-02 7.415163422956581485e+01
1.756191260204431615e-02 4.160046222735808152e-02 7.420110957262993168e+01
1.042277376066705341e-02 3.603301785830612114e-02 7.430173787825768272e+01
6.050293061070161071e-03 3.603301785830612114e-02 7.435649882765319774e+01
1.509942703067071457e-02 4.160046222735808152e-02 7.421480030169588815e+01
3.968992248062019890e-03 3.082768369211932868e-02 7.441151805442034117e+01
6.050293061070161071e-03 3.338733148458306044e-02 7.436815966114501464e+01
8.200397206739706846e-03 3.338733148458306044e-02 7.434522156007236049e+01
1.756191260204431615e-02 4.305336985875540812e-02 7.418500519141271354e+01
1.509942703067071457e-02 3.876915504822481262e-02 7.424439796821710047e+01
3.968992248062019890e-03 3.209701722854602091e-02 7.440436656750588895e+01
1.272112900019878312e-02 3.603301785830612114e-02 7.428770508564535646e+01
8.200397206739706846e-03 3.082768369211932868e-02 7.437437308740933872e+01
6.050293061070161071e-03 3.082768369211932868e-02 7.438871514074342883e+01
1.953244216565952485e-03 3.082768369211932868e-02 7.444237675537826249e+01
8.200397206739706846e-03 3.876915504822481262e-02 7.431361809185753486e+01
