5.422211167765203510e-02 7.819346140883046137e-02 8.272710886438338207e+01
1.356789145686834730e-02 4.061192289222748109e-02 8.319868479355939428e+01
1.036235188379362737e-02 6.987662408559885963e-03 8.381181978935872223e+01
5.221926763911732827e-02 8.041570832268507552e-02 8.269541477239820892e+01
4.834563521294027444e-02 7.601900475118780753e-02 8.273915321539993784e+01
4.463861063305041288e-02 7.180742554059568739e-02 8.278292427131465558e+01
8.690754003379735915e-03 8.859357696567010665e-03 8.376793173291882511e+01
1.659077138341796820e-02 3.398109801422966036e-03 8.391949225217572916e+01
4.108767129862961331e-02 6.776951969951250376e-02 8.282672584664513238e+01
3.768316245222616545e-02 6.389476156918016958e-02 8.287055606206583036e+01
4.632343893629792264e-04 2.131782945736435120e-02 8.350853359240626617e+01
3.441620951880869361e-02 6.389476156918016958e-02 8.287978157976306193e+01
3.127864085998202648e-02 6.389476156918016958e-02 8.290337414777017955e+01
2.975599724613967045e-02 5.148456925552141739e-02 8.302721729927132799e+01
2.975599724613967045e-02 6.201550387596899139e-02 8.292531137243243222e+01
9.532653665777976459e-03 8.213974023307119010e-04 8.407879706937738717e+01
2.431980544155651347e-03 3.398109801422966036e-03 8.404550641475441353e+01
2.826291952771173288e-02 6.017345920638575429e-02 8.294725477514620593e+01
7.836381753390408988e-03 8.324228708183750713e-04 8.403921234948759889e+01
3.441620951880869361e-02 6.017345920638575429e-02 8.291441322647132495e+01
2.536208281762317163e-02 5.659667344020472002e-02 8.299115945120644255e+01
5.195594798877975484e-03 6.071447931913054319e-03 8.387325536936950243e+01
3.127864085998202648e-02 5.659667344020472002e-02 8.295829581462130875e+01
2.826291952771173288e-02 5.836753305973552131e-02 8.295597141375610306e+01
2.826291952771173288e-02 5.315614617940200848e-02 8.300220244782386203e+01
3.127864085998202648e-02 6.017345920638575429e-02 8.292393736111297642e+01
2.256968860136970845e-02 5.836753305973552131e-02 8.302764424388824693e+01
2.536208281762317163e-02 4.984423676012461613e-02 8.304613187719414213e+01
1.987976756736403727e-02 4.823428079242034205e-02 8.308831925227421777e+01
2.256968860136970845e-02 5.485986881335719323e-02 8.302922917311306605e+01
1.987976756736403727e-02 5.315614617940200848e-02 8.306993214969170936e+01
1.857148779173403708e-02 4.357846218311334230e-02 8.313798208914774079e+01
2.431980544155651347e-03 1.676094699350511030e-03 8.413523081242061608e+01
7.836381753390408988e-03 9.815403491160556992e-03 8.374599757695075652e+01
2.826291952771173288e-02 5.659667344020472002e-02 8.296810100806179378e+01
1.118011199795293509e-02 8.213974023307119010e-04 8.404992280346068867e+01
2.256968860136970845e-02 4.665386530118767472e-02 8.309008296910320723e+01
5.195594798877975484e-03 1.276789785681714529e-02 8.368023633934258498e+01
2.536208281762317163e-02 5.315614617940200848e-02 8.301227250474101993e+01
9.532653665777976459e-03 8.324228708183750713e-04 8.400899912446321594e+01
1.987976756736403727e-02 4.357846218311334230e-02 8.313405469249569535e+01
7.836381753390408988e-03 2.531245056162007012e-03 8.396823131828833198e+01
6.089094144389697871e-03 3.398109801422966036e-03 8.396299282282643617e+01
2.256968860136970845e-02 4.984423676012461613e-02 8.305645183532479336e+01
3.367357676523199950e-03 1.078530502190766516e-02 8.373795054162087581e+01
1.728678062467392529e-02 4.665386530118767472e-02 8.312300584638155954e+01
5.195594798877975484e-03 4.276931301790964923e-03 8.394306461648685058e+01
1.987976756736403727e-02 4.665386530118767472e-02 8.310063898402975724e+01
1.356789145686834730e-02 4.357846218311334230e-02 8.318215406817714097e+01
1.478558083039760440e-02 4.208194905869325209e-02 8.317660638557080688e+01
1.119549664292340818e-02 3.774856757667677254e-02 8.324284937339182022e+01
3.367357676523199950e-03 7.916872835230098771e-03 8.383232113990332834e+01
1.584980423604887001e-02 0.000000000000000000e+00 8.398658608257734670e+01
1.478558083039760440e-02 3.635391606522320185e-02 8.324250301765377458e+01
1.728678062467392529e-02 3.774856757667677254e-02 8.322203956805476821e+01
1.433678041065181152e-02 8.324228708183750713e-04 8.396550279507489734e+01
1.478558083039760440e-02 3.498310475054661195e-02 8.326548319831545086e+01
1.278083392354137371e-02 2.531245056162007012e-03 8.392200279218266701e+01
1.118011199795293509e-02 4.276931301790964923e-03 8.387854620507864922e+01
1.728678062467392529e-02 4.208194905869325209e-02 8.316005571206645186e+01
9.532653665777976459e-03 2.531245056162007012e-03 8.394496008585556979e+01
1.728678062467392529e-02 4.984423676012461613e-02 8.311321051215153943e+01
7.836381753390408988e-03 4.276931301790964923e-03 8.390316144606903492e+01
1.728678062467392529e-02 4.357846218311334230e-02 8.314483393511494569e+01
1.478558083039760440e-02 4.665386530118767472e-02 8.315654612448133776e+01
4.632343893629792264e-04 7.020623080298368790e-03 8.487966715919691296e+01
2.431980544155651347e-03 8.213974023307119010e-04 8.428011869470731199e+01
4.288454241984387960e-03 8.213974023307119010e-04 8.421611788360991113e+01
5.607624560491131227e-03 0.000000000000000000e+00 8.457476552208780163e+01
2.431980544155651347e-03 8.324228708183750713e-04 8.418218119022417056e+01
3.367357676523199950e-03 2.531245056162007012e-03 8.406375405537494316e+01
3.367357676523199950e-03 1.480967256739557092e-02 8.363643143504263833e+01
1.118011199795293509e-02 6.071447931913054319e-03 8.383377341755965517e+01
6.687946496428037735e-03 3.635391606522320185e-02 8.330862310371841772e+01
4.288454241984387960e-03 6.987662408559885963e-03 8.385276850371924695e+01
5.170352337968697753e-04 5.167958656330740030e-03 8.400928306020722403e+01
9.532653665777976459e-03 7.916872835230098771e-03 8.378987251658372770e+01
1.481988144094850690e-03 4.276931301790964923e-03 8.402734852943002863e+01
7.836381753390408988e-03 6.071447931913054319e-03 8.384425330799787446e+01
4.288454241984387960e-03 8.324228708183750713e-04 8.412539855380984477e+01
7.836381753390408988e-03 8.213974023307119010e-04 8.411586739713528971e+01
5.170352337968697753e-04 8.324228708183750713e-04 8.424867308103759456e+01
6.089094144389697871e-03 2.531245056162007012e-03 8.399984338548578933e+01
6.089094144389697871e-03 8.324228708183750713e-04 8.407788133171945333e+01
1.481988144094850690e-03 2.531245056162007012e-03 8.411796580846969107e+01
4.288454241984387960e-03 6.071447931913054319e-03 8.388719903270690281e+01
4.288454241984387960e-03 4.276931301790964923e-03 8.396070257769842726e+01
6.089094144389697871e-03 6.071447931913054319e-03 8.386148244025828546e+01
2.431980544155651347e-03 2.531245056162007012e-03 8.408966299034767644e+01
6.089094144389697871e-03 8.213974023307119010e-04 8.416150839767188074e+01
1.728678062467392529e-02 4.061192289222748109e-02 8.317804610780673613e+01
4.545012820225319272e-03 3.363552752594928252e-02 8.335217663531228993e+01
5.195594798877975484e-03 8.324228708183750713e-04 8.410050844033385431e+01
1.602501465702560468e-02 4.357846218311334230e-02 8.315453059978676720e+01
5.170352337968697753e-04 8.213974023307119010e-04 8.435396069846513001e+01
4.288454241984387960e-03 2.531245056162007012e-03 8.404018343987024764e+01
2.431980544155651347e-03 6.987662408559885963e-03 8.388359503372072368e+01
5.170352337968697753e-04 4.276931301790964923e-03 8.405432393220901588e+01
5.170352337968697753e-04 2.531245056162007012e-03 8.414871984929010296e+01
3.367357676523199950e-03 6.071447931913054319e-03 8.390336420601740031e+01
4.288454241984387960e-03 7.916872835230098771e-03 8.381992983650835072e+01
2.431980544155651347e-03 4.276931301790964923e-03 8.400279057756492307e+01
1.119549664292340818e-02 3.231059865806787390e-02 8.330821748746662081e+01
7.836381753390408988e-03 7.916872835230098771e-03 8.379177187758503464e+01
5.170352337968697753e-04 8.859357696567010665e-03 8.384422677093346010e+01
6.089094144389697871e-03 1.176936569908901276e-02 8.370214972829860756e+01
2.431980544155651347e-03 6.071447931913054319e-03 8.392180326230518972e+01
5.607624560491131227e-03 3.635391606522320185e-02 8.332795902888994988e+01
2.431980544155651347e-03 5.167958656330740030e-03 8.396154580006779611e+01
5.170352337968697753e-04 6.071447931913054319e-03 8.396572088516134613e+01
1.481988144094850690e-03 6.071447931913054319e-03 8.394257023516627214e+01
5.170352337968697753e-04 7.916872835230098771e-03 8.388315979758007757e+01
5.170352337968697753e-04 1.078530502190766516e-02 8.377122772176095111e+01
4.632343893629792264e-04 1.480967256739557092e-02 8.365332431850953299e+01
2.471206036803313966e-03 2.600650162540635302e-02 8.343229021997700556e+01
2.431980544155651347e-03 1.078530502190766516e-02 8.374677955891641545e+01
8.903521992163043741e-03 3.231059865806787390e-02 8.331464379763524164e+01
2.471206036803313966e-03 2.131782945736435120e-02 8.350520455732115011e+01
1.481988144094850690e-03 1.176936569908901276e-02 8.372585428033247013e+01
7.786425103557148564e-03 3.100775193798449569e-02 8.333673791145915288e+01
3.367357676523199950e-03 9.815403491160556992e-03 8.376773424328786177e+01
4.545012820225319272e-03 2.362495385751200994e-02 8.346153017183024758e+01
1.478558083039760440e-02 4.357846218311334230e-02 8.316699531920613708e+01
1.481988144094850690e-03 1.480967256739557092e-02 8.364041369593093123e+01
2.431980544155651347e-03 1.276789785681714529e-02 8.368848246547500480e+01
6.089094144389697871e-03 9.815403491160556992e-03 8.374845883934884228e+01
6.089094144389697871e-03 7.916872835230098771e-03 8.380166726418138978e+01
6.687946496428037735e-03 2.846613292667429795e-02 8.337622979791952105e+01
1.237137928983525481e-02 4.357846218311334230e-02 8.319993543916072554e+01
1.119549664292340818e-02 3.498310475054661195e-02 8.327046303352128120e+01
1.478558083039760440e-02 4.061192289222748109e-02 8.318903667288164172e+01
1.003971455407842717e-02 3.635391606522320185e-02 8.326493549643886638e+01
5.170352337968697753e-04 1.276789785681714529e-02 8.370495926356758787e+01
1.459188326493388033e-03 2.846613292667429795e-02 8.342323937933052491e+01
6.687946496428037735e-03 3.363552752594928252e-02 8.332110183361606914e+01
1.481988144094850690e-03 9.815403491160556992e-03 8.379154953814646944e+01
4.545012820225319272e-03 2.846613292667429795e-02 8.338804493420347796e+01
2.431980544155651347e-03 7.916872835230098771e-03 8.384695410512992453e+01
2.431980544155651347e-03 9.815403491160556992e-03 8.377851091967266939e+01
5.170352337968697753e-04 9.815403491160556992e-03 8.380690428012863435e+01
7.786425103557148564e-03 3.635391606522320185e-02 8.329163314480337021e+01
4.632343893629792264e-04 1.378122308354867709e-02 8.368409539809078979e+01
4.632343893629792264e-04 9.815403491160556992e-03 8.382463107270936575e+01
5.170352337968697753e-04 1.176936569908901276e-02 8.373723353958610005e+01
5.170352337968697753e-04 1.480967256739557092e-02 8.364572622759948217e+01
1.481988144094850690e-03 1.585358745701462291e-02 8.361558690852747588e+01
5.170352337968697753e-04 1.691331923890063149e-02 8.359385217561035120e+01
4.545012820225319272e-03 3.100775193798449569e-02 8.336517031381512766e+01
4.545012820225319272e-03 3.498310475054661195e-02 8.334954576444398811e+01
2.471206036803313966e-03 2.846613292667429795e-02 8.340925457758220318e+01
2.431980544155651347e-03 1.691331923890063149e-02 8.359365938702897836e+01
3.367357676523199950e-03 1.176936569908901276e-02 8.370988940090742858e+01
3.499679319638626662e-03 3.100775193798449569e-02 8.337934463859768641e+01
8.903521992163043741e-03 3.100775193798449569e-02 8.333215939185723187e+01
8.903521992163043741e-03 3.498310475054661195e-02 8.328702414399049303e+01
3.499679319638626662e-03 3.363552752594928252e-02 8.337114771339199137e+01
1.478558083039760440e-02 3.774856757667677254e-02 8.322205635725185857e+01
6.687946496428037735e-03 3.498310475054661195e-02 8.331355087075941412e+01
4.632343893629792264e-04 2.362495385751200994e-02 8.347654319140978885e+01
2.471206036803313966e-03 2.362495385751200994e-02 8.346441741358131594e+01
1.237137928983525481e-02 3.498310475054661195e-02 8.326608465629909972e+01
6.687946496428037735e-03 2.722631877481565543e-02 8.339593474917488436e+01
3.367357676523199950e-03 1.378122308354867709e-02 8.365908966707607419e+01
4.632343893629792264e-04 2.846613292667429795e-02 8.343940494089855520e+01
4.632343893629792264e-04 1.908169350029814693e-02 8.354891401797817707e+01
4.288454241984387960e-03 1.176936569908901276e-02 8.370519865076236954e+01
4.632343893629792264e-04 1.691331923890063149e-02 8.359729847126986613e+01
3.499679319638626662e-03 3.498310475054661195e-02 8.337094730438639090e+01
1.003971455407842717e-02 3.363552752594928252e-02 8.329255216459090150e+01
2.431980544155651347e-03 1.378122308354867709e-02 8.366199413469122703e+01
4.632343893629792264e-04 1.585358745701462291e-02 8.362437802137574749e+01
4.288454241984387960e-03 9.815403491160556992e-03 8.375916700563135464e+01
1.459188326493388033e-03 2.362495385751200994e-02 8.346935360117426228e+01
1.003971455407842717e-02 3.231059865806787390e-02 8.331013028616109750e+01
7.786425103557148564e-03 3.363552752594928252e-02 8.330911529399665483e+01
5.607624560491131227e-03 3.363552752594928252e-02 8.333547547259991006e+01
1.003971455407842717e-02 4.061192289222748109e-02 8.324337521859892775e+01
3.499679319638626662e-03 2.600650162540635302e-02 8.342513877821241408e+01
4.632343893629792264e-04 3.100775193798449569e-02 8.343516410530841654e+01
7.786425103557148564e-03 3.774856757667677254e-02 8.328686250306444094e+01
2.431980544155651347e-03 1.176936569908901276e-02 8.371675736470260176e+01
2.471206036803313966e-03 3.231059865806787390e-02 8.339276443093370972e+01
8.903521992163043741e-03 2.972643987443140956e-02 8.335206270183198285e+01
1.459188326493388033e-03 3.231059865806787390e-02 8.341373878588098023e+01
4.545012820225319272e-03 2.600650162540635302e-02 8.342031598384828328e+01
4.545012820225319272e-03 2.722631877481565543e-02 8.340303493758696618e+01
3.499679319638626662e-03 2.362495385751200994e-02 8.346179039582516168e+01
6.687946496428037735e-03 3.100775193798449569e-02 8.334380734951689362e+01
1.459188326493388033e-03 3.100775193798449569e-02 8.341439549058233638e+01
7.786425103557148564e-03 2.846613292667429795e-02 8.337399545281867574e+01
4.545012820225319272e-03 2.480620155038759655e-02 8.343983236600574571e+01
4.632343893629792264e-04 2.246230849050845357e-02 8.349146455033394432e+01
1.237137928983525481e-02 4.061192289222748109e-02 8.321100362985100674e+01
1.237137928983525481e-02 3.774856757667677254e-02 8.323324718167316405e+01
1.459188326493388033e-03 2.131782945736435120e-02 8.350572421456847394e+01
2.471206036803313966e-03 2.972643987443140956e-02 8.340128888705511656e+01
4.288454241984387960e-03 1.378122308354867709e-02 8.365833018604128313e+01
4.632343893629792264e-04 2.972643987443140956e-02 8.343604048326312750e+01
4.632343893629792264e-04 1.798923013196046528e-02 8.357212893213004179e+01
6.687946496428037735e-03 2.972643987443140956e-02 8.335883448567884102e+01
3.499679319638626662e-03 2.846613292667429795e-02 8.339750450658486614e+01
2.471206036803313966e-03 2.722631877481565543e-02 8.341960786656440519e+01
2.471206036803313966e-03 2.480620155038759655e-02 8.344724500503778586e+01
1.003971455407842717e-02 3.498310475054661195e-02 8.327746544587479605e+01
5.170352337968697753e-04 1.585358745701462291e-02 8.361884833526531224e+01
5.607624560491131227e-03 2.722631877481565543e-02 8.339827095292208980e+01
4.632343893629792264e-04 2.722631877481565543e-02 8.344519597307510139e+01
2.431980544155651347e-03 1.585358745701462291e-02 8.361454025940855672e+01
5.607624560491131227e-03 3.231059865806787390e-02 8.334313406553522441e+01
4.632343893629792264e-04 2.019109428519921812e-02 8.352769974604206027e+01
1.003971455407842717e-02 3.774856757667677254e-02 8.325502999378974778e+01
1.459188326493388033e-03 2.600650162540635302e-02 8.344171361322091229e+01
6.687946496428037735e-03 3.231059865806787390e-02 8.333120892526176249e+01
3.499679319638626662e-03 3.231059865806787390e-02 8.337396897116687455e+01
3.499679319638626662e-03 2.246230849050845357e-02 8.348336286758204494e+01
4.632343893629792264e-04 2.480620155038759655e-02 8.346382172966507085e+01
5.170352337968697753e-04 1.378122308354867709e-02 8.367444355068550976e+01
1.237137928983525481e-02 3.916768665850672848e-02 8.322076579779918859e+01
5.607624560491131227e-03 3.100775193798449569e-02 8.335330501740155285e+01
5.607624560491131227e-03 3.498310475054661195e-02 8.333039458242173225e+01
1.459188326493388033e-03 2.246230849050845357e-02 8.348647368877048791e+01
7.786425103557148564e-03 2.972643987443140956e-02 8.335419258717058710e+01
7.786425103557148564e-03 3.498310475054661195e-02 8.329907369223923297e+01
7.786425103557148564e-03 3.231059865806787390e-02 8.332169144991362941e+01
1.481988144094850690e-03 1.378122308354867709e-02 8.366709456185509453e+01
3.499679319638626662e-03 2.722631877481565543e-02 8.341016661541956978e+01
5.607624560491131227e-03 2.600650162540635302e-02 8.341788043633860639e+01
5.607624560491131227e-03 2.972643987443140956e-02 8.336592517825847892e+01
3.499679319638626662e-03 2.972643987443140956e-02 8.338721050727410500e+01
1.459188326493388033e-03 2.019109428519921812e-02 8.352705501362235907e+01
5.170352337968697753e-04 1.798923013196046528e-02 8.357078136037908678e+01
4.545012820225319272e-03 3.231059865806787390e-02 8.335740678225954525e+01
5.607624560491131227e-03 2.846613292667429795e-02 8.338093350068142229e+01
1.459188326493388033e-03 2.722631877481565543e-02 8.343130245912172427e+01
4.545012820225319272e-03 2.972643987443140956e-02 8.337540355080274423e+01
2.471206036803313966e-03 2.246230849050845357e-02 8.348375438911050139e+01
3.499679319638626662e-03 2.480620155038759655e-02 8.344236482508040353e+01
1.459188326493388033e-03 2.972643987443140956e-02 8.341758338632914160e+01
1.459188326493388033e-03 2.480620155038759655e-02 8.345441574594860867e+01
5.607624560491131227e-03 2.480620155038759655e-02 8.343970670685276048e+01
