1.360841777842569655e-03 2.021709899166101998e-02 7.426604922614306759e+01
2.891165681863372416e-04 2.021709899166101998e-02 7.427184407038249958e+01
1.800297285933394331e-03 1.900493002742908999e-02 7.430173787825768272e+01
2.818886539816767289e-03 1.323735189116428956e-02 7.439038131533935427e+01
2.891165681863372416e-04 1.323735189116428956e-02 7.439926955159857869e+01
7.644438074079357159e-04 1.435335481509195099e-02 7.436967885544285650e+01
1.214289586382609476e-02 2.118871075122430447e-04 7.467201497701077528e+01
8.590892311822542760e-03 4.918057367339911945e-03 7.456315672052645027e+01
1.299700358816283097e-02 2.118871075122430447e-04 7.466944909099547090e+01
1.039464411557435020e-02 1.125437805008205894e-03 7.465569130600174219e+01
7.644438074079357159e-04 1.125437805008205894e-03 7.482638052399566675e+01
8.590892311822542760e-03 2.993444455111876623e-03 7.461399533835678710e+01
6.728954966014222272e-03 1.125437805008205894e-03 7.469605305342169288e+01
2.818886539816767289e-03 1.125437805008205894e-03 7.477300428894091056e+01
1.039464411557435020e-02 2.118871075122430447e-04 7.468317492794911061e+01
1.214289586382609476e-02 2.052522586911492697e-03 7.462595861332853531e+01
1.127554615926708304e-02 2.118871075122430447e-04 7.467657447837356699e+01
2.891165681863372416e-04 2.118871075122430447e-04 7.490566482574899965e+01
1.039464411557435020e-02 2.052522586911492697e-03 7.462983092875849422e+01
6.728954966014222272e-03 4.918057367339911945e-03 7.457239771001255235e+01
1.039464411557435020e-02 3.948515524337808946e-03 7.458312800075506743e+01
4.805970494113839808e-03 8.947715652317334012e-03 7.447839585304890875e+01
1.800297285933394331e-03 1.323735189116428956e-02 7.439096574009258234e+01
1.039464411557435020e-02 2.993444455111876623e-03 7.460563053936280653e+01
2.818886539816767289e-03 1.213920501401946628e-02 7.441226645409348350e+01
6.728954966014222272e-03 6.901889138405725710e-03 7.452074402888629834e+01
2.818886539816767289e-03 1.105848903968648100e-02 7.443611586240812983e+01
2.891165681863372416e-04 1.105848903968648100e-02 7.445798184306576672e+01
1.800297285933394331e-03 1.435335481509195099e-02 7.436892462014206728e+01
2.818886539816767289e-03 8.947715652317334012e-03 7.448952109703672875e+01
1.800297285933394331e-03 1.664069965091061198e-02 7.433103031307517483e+01
2.451205686797186534e-03 1.664069965091061198e-02 7.433074115556108552e+01
6.728954966014222272e-03 2.118871075122430447e-04 7.473098709166765730e+01
2.891165681863372416e-04 1.435335481509195099e-02 7.437283251962142572e+01
2.818886539816767289e-03 4.918057367339911945e-03 7.461793265856805135e+01
2.818886539816767289e-03 2.118871075122430447e-04 7.481566119216404331e+01
3.820639607685541450e-03 1.105848903968648100e-02 7.443358062222043259e+01
7.644438074079357159e-04 8.947715652317334012e-03 7.451014354748203061e+01
2.891165681863372416e-04 6.901889138405725710e-03 7.459748683331295638e+01
8.590892311822542760e-03 2.118871075122430447e-04 7.470269562494134163e+01
8.590892311822542760e-03 2.052522586911492697e-03 7.464194039198002883e+01
1.800297285933394331e-03 1.105848903968648100e-02 7.444098729064924669e+01
2.891165681863372416e-04 1.125437805008205894e-03 7.485701993263441523e+01
9.499869598752583300e-03 1.125437805008205894e-03 7.466254306094269566e+01
7.644438074079357159e-04 1.213920501401946628e-02 7.442011603960213506e+01
2.891165681863372416e-04 4.918057367339911945e-03 7.467760264151732486e+01
1.800297285933394331e-03 1.213920501401946628e-02 7.441500266696382937e+01
7.644438074079357159e-04 6.901889138405725710e-03 7.457922098318924498e+01
1.800297285933394331e-03 8.947715652317334012e-03 7.449861481160641574e+01
7.667371388301619239e-03 4.918057367339911945e-03 7.456669570782635503e+01
2.891165681863372416e-04 2.993444455111876623e-03 7.476421019028563819e+01
7.644438074079357159e-04 2.118871075122430447e-04 7.487300980714624643e+01
9.499869598752583300e-03 2.993444455111876623e-03 7.460876656270825436e+01
8.590892311822542760e-03 1.125437805008205894e-03 7.467151920824197475e+01
1.127554615926708304e-02 2.993444455111876623e-03 7.460453796761332512e+01
7.644438074079357159e-04 3.948515524337808946e-03 7.469559902590478373e+01
2.891165681863372416e-04 2.052522586911492697e-03 7.480985720493026747e+01
4.805970494113839808e-03 2.118871075122430447e-04 7.476848664231054897e+01
1.127554615926708304e-02 2.052522586911492697e-03 7.462688938297557684e+01
2.891165681863372416e-04 8.947715652317334012e-03 7.452417066031399884e+01
2.891165681863372416e-04 9.994792214555570098e-03 7.449016403190782398e+01
7.644438074079357159e-04 9.994792214555570098e-03 7.447827924038725200e+01
4.805970494113839808e-03 1.125437805008205894e-03 7.472972692503779513e+01
7.644438074079357159e-04 4.918057367339911945e-03 7.465515691441642332e+01
1.127554615926708304e-02 1.125437805008205894e-03 7.465091389776434028e+01
2.818886539816767289e-03 6.901889138405725710e-03 7.455023877472642369e+01
9.499869598752583300e-03 2.118871075122430447e-04 7.469186517076772702e+01
9.499869598752583300e-03 3.948515524337808946e-03 7.458438619058226493e+01
3.820639607685541450e-03 1.125437805008205894e-03 7.475013498863550865e+01
4.805970494113839808e-03 6.901889138405725710e-03 7.453090420810603689e+01
9.499869598752583300e-03 4.918057367339911945e-03 7.456172897488450246e+01
7.667371388301619239e-03 2.118871075122430447e-04 7.471571834554978864e+01
2.891165681863372416e-04 1.213920501401946628e-02 7.442766842297032781e+01
1.800297285933394331e-03 1.125437805008205894e-03 7.479839776527522588e+01
7.667371388301619239e-03 1.125437805008205894e-03 7.468267141842548540e+01
2.818886539816767289e-03 2.993444455111876623e-03 7.469228685337520801e+01
3.820639607685541450e-03 2.118871075122430447e-04 7.479083413588003282e+01
1.800297285933394331e-03 2.118871075122430447e-04 7.484303121893731259e+01
7.644438074079357159e-04 7.916872835230098771e-03 7.454380478056926052e+01
4.805970494113839808e-03 4.918057367339911945e-03 7.459050646698719333e+01
3.820639607685541450e-03 1.213920501401946628e-02 7.441184762598477676e+01
5.775279740112410076e-03 8.947715652317334012e-03 7.447624789496909159e+01
6.728954966014222272e-03 7.916872835230098771e-03 7.449760032199837667e+01
1.800297285933394331e-03 4.918057367339911945e-03 7.463528870733321696e+01
4.805970494113839808e-03 2.993444455111876623e-03 7.465688140109834592e+01
4.805970494113839808e-03 7.916872835230098771e-03 7.450374242685199988e+01
2.818886539816767289e-03 9.994792214555570098e-03 7.446188257047616332e+01
6.728954966014222272e-03 5.902401375884019918e-03 7.454569030473082591e+01
7.644438074079357159e-04 2.052522586911492697e-03 7.478124623542375105e+01
3.820639607685541450e-03 4.918057367339911945e-03 7.460302560024672403e+01
4.805970494113839808e-03 9.994792214555570098e-03 7.445490788439842333e+01
4.805970494113839808e-03 2.052522586911492697e-03 7.469251351121864957e+01
5.775279740112410076e-03 1.125437805008205894e-03 7.471171923638976864e+01
8.590892311822542760e-03 5.902401375884019918e-03 7.454034116243217056e+01
2.891165681863372416e-04 7.916872835230098771e-03 7.455995879282593819e+01
5.775279740112410076e-03 6.901889138405725710e-03 7.452470567806327040e+01
2.891165681863372416e-04 5.902401375884019918e-03 7.463671447310484552e+01
2.818886539816767289e-03 3.948515524337808946e-03 7.465429620837436175e+01
7.644438074079357159e-04 5.902401375884019918e-03 7.461635149750863150e+01
6.728954966014222272e-03 2.993444455111876623e-03 7.463093641831861191e+01
1.800297285933394331e-03 9.994792214555570098e-03 7.446887303794417790e+01
2.818886539816767289e-03 5.902401375884019918e-03 7.458323389262353942e+01
4.805970494113839808e-03 3.948515524337808946e-03 7.462286666153553938e+01
1.800297285933394331e-03 3.948515524337808946e-03 7.467368189687447000e+01
7.667371388301619239e-03 6.901889138405725710e-03 7.451896484662293574e+01
8.590892311822542760e-03 3.948515524337808946e-03 7.458772131164276686e+01
4.805970494113839808e-03 5.902401375884019918e-03 7.455983914239911314e+01
5.775279740112410076e-03 2.118871075122430447e-04 7.474855739671281185e+01
3.820639607685541450e-03 6.901889138405725710e-03 7.453939585913063581e+01
7.667371388301619239e-03 3.948515524337808946e-03 7.459318388073310757e+01
1.800297285933394331e-03 2.052522586911492697e-03 7.475527213456771847e+01
7.667371388301619239e-03 2.993444455111876623e-03 7.462136776769298763e+01
9.499869598752583300e-03 2.052522586911492697e-03 7.463483137403113687e+01
1.800297285933394331e-03 2.993444455111876623e-03 7.471368845552396465e+01
5.775279740112410076e-03 9.994792214555570098e-03 7.445480815879977854e+01
5.775279740112410076e-03 2.052522586911492697e-03 7.467644020485123235e+01
2.818886539816767289e-03 2.052522586911492697e-03 7.473186803626857966e+01
5.775279740112410076e-03 4.918057367339911945e-03 7.458031620909274295e+01
5.775279740112410076e-03 7.916872835230098771e-03 7.449956165405519926e+01
7.667371388301619239e-03 5.902401375884019918e-03 7.454194252828669676e+01
3.820639607685541450e-03 3.948515524337808946e-03 7.463737830789003169e+01
6.728954966014222272e-03 2.052522586911492697e-03 7.466269096856009924e+01
5.775279740112410076e-03 3.948515524337808946e-03 7.461070176658002140e+01
3.820639607685541450e-03 8.947715652317334012e-03 7.448280117459522387e+01
6.728954966014222272e-03 3.948515524337808946e-03 7.460082606827435825e+01
3.820639607685541450e-03 2.993444455111876623e-03 7.467337183602566597e+01
2.818886539816767289e-03 7.916872835230098771e-03 7.451898739081850920e+01
7.667371388301619239e-03 2.052522586911492697e-03 7.465120926856604910e+01
2.891165681863372416e-04 3.948515524337808946e-03 7.472011345864277132e+01
3.820639607685541450e-03 2.052522586911492697e-03 7.471096931877063696e+01
5.775279740112410076e-03 5.902401375884019918e-03 7.455163756345412196e+01
3.820639607685541450e-03 7.916872835230098771e-03 7.451019844226782141e+01
3.820639607685541450e-03 9.994792214555570098e-03 7.445724709351465265e+01
3.820639607685541450e-03 5.902401375884019918e-03 7.457035171990571598e+01
5.775279740112410076e-03 2.993444455111876623e-03 7.464275559284097028e+01
1.800297285933394331e-03 7.916872835230098771e-03 7.453016893229475670e+01
1.800297285933394331e-03 5.902401375884019918e-03 7.459854625741763812e+01
1.800297285933394331e-03 6.901889138405725710e-03 7.456349308322812419e+01
