5.079416707323683444e-02 8.495540813102961386e-02 7.361875993780435579e+01
7.576919204826182419e-02 9.769848227023497644e-02 7.351707838335026679e+01
5.280365184134230838e-02 7.798919426826403378e-02 7.366308781878184675e+01
4.882983926621239923e-02 8.495540813102961386e-02 7.363428668027772517e+01
7.071095914192765397e-02 9.502704263141359409e-02 7.352326642654715272e+01
4.882983926621239923e-02 7.576919204826182419e-02 7.368342889796444695e+01
4.503069977130799706e-02 8.025908417860339039e-02 7.367723843591708999e+01
6.590251551491863036e-02 8.987273556357003312e-02 7.356462916260311147e+01
4.503069977130799706e-02 7.147241355793493289e-02 7.372641706492841251e+01
4.139496412564680483e-02 7.576919204826182419e-02 7.372022514453713882e+01
6.132580411089796901e-02 8.495540813102961386e-02 7.360614007091960787e+01
5.696446736118418452e-02 8.025908417860339039e-02 7.364778630137654147e+01
1.335032153168341784e-02 3.451697803857206592e-04 7.488655644154088975e+01
3.457327456368453067e-02 6.536293164200140948e-02 7.381341765710989478e+01
1.173454509051181927e-02 1.360841777842569655e-03 7.484440546312710296e+01
3.791231208611869907e-02 6.735655205667445689e-02 7.378071410585145884e+01
1.090883580623662474e-02 2.231618510688287982e-03 7.482335723687572226e+01
3.136914764821741031e-02 6.149774920539038958e-02 7.385671719388689382e+01
4.503069977130799706e-02 6.939258992697883155e-02 7.374815582372059453e+01
2.829191684821433239e-02 6.341041680288864169e-02 7.388755285802201911e+01
1.335032153168341784e-02 1.360841777842569655e-03 7.484020015951374205e+01
1.335032153168341784e-02 2.231618510688287982e-03 7.481918625741788276e+01
1.173454509051181927e-02 3.114573939098252975e-03 7.479744037700019987e+01
4.319307251562054528e-02 7.147241355793493289e-02 7.372995959102320285e+01
4.139496412564680483e-02 7.359745074608572968e-02 7.372686348844401039e+01
2.248913876820854418e-02 5.598699404824203363e-02 7.397228901567832793e+01
3.791231208611869907e-02 7.147241355793493289e-02 7.376324465912732364e+01
4.139496412564680483e-02 6.735655205667445689e-02 7.376943803484012108e+01
3.457327456368453067e-02 6.735655205667445689e-02 7.380629505620865416e+01
1.173454509051181927e-02 3.451697803857206592e-04 7.489709818943431685e+01
3.136914764821741031e-02 6.341041680288864169e-02 7.384937460819328692e+01
1.975044444072915351e-02 5.249149886765602790e-02 7.401476010658548432e+01
5.687812485665799667e-03 1.064912692819669493e-02 7.462595861332853531e+01
1.007089379182402045e-02 1.360841777842569655e-03 7.485581427964271484e+01
2.110687323499960133e-02 4.912916540823517031e-02 7.400837689681533504e+01
1.335032153168341784e-02 5.839122118191875099e-03 7.475028761917518239e+01
8.357207867611779473e-03 3.114573939098252975e-03 7.481464258330768757e+01
1.007089379182402045e-02 4.918057367339911945e-03 7.475472708578391234e+01
1.930885651815886228e-03 1.371003908001794391e-02 7.456315672052645027e+01
3.791231208611869907e-02 6.341041680288864169e-02 7.381248988420119872e+01
2.533419015694923782e-02 5.962372135733656764e-02 7.392988500902629312e+01
3.457327456368453067e-02 5.962372135733656764e-02 7.385557088540754478e+01
2.981514609421587192e-02 5.249149886765602790e-02 7.394038899336727866e+01
3.457327456368453067e-02 6.341041680288864169e-02 7.382407721812239743e+01
3.295486351964757588e-02 5.598699404824203363e-02 7.389758332988581913e+01
3.136914764821741031e-02 5.598699404824203363e-02 7.389867948301687761e+01
8.357207867611779473e-03 6.773439599271957601e-03 7.471206252200974518e+01
3.136914764821741031e-02 5.962372135733656764e-02 7.386745050514340960e+01
3.847115625060792965e-05 3.114573939098252975e-03 7.497173673875006727e+01
2.829191684821433239e-02 5.598699404824203363e-02 7.391083394353468350e+01
6.591195655637330231e-03 8.682993575202024861e-03 7.466944909099547090e+01
2.389798633090225999e-02 4.749557886898825299e-02 7.400656282545685372e+01
4.174120453190210966e-03 2.259655823046671785e-02 7.439038131533935427e+01
2.829191684821433239e-02 5.962372135733656764e-02 7.389248175965268217e+01
4.770423375074536732e-03 1.267439211135662491e-02 7.458389781394463114e+01
4.770423375074536732e-03 1.064912692819669493e-02 7.462688938297557684e+01
2.892303936068818526e-03 1.267439211135662491e-02 7.458438619058226493e+01
6.591195655637330231e-03 3.451697803857206592e-04 7.497390237813797853e+01
1.930885651815886228e-03 2.026913654820630684e-02 7.445397402282107180e+01
8.357207867611779473e-03 5.019934933920278120e-04 7.490691099534532782e+01
2.829191684821433239e-02 4.912916540823517031e-02 7.398468929065724353e+01
6.591195655637330231e-03 1.360841777842569655e-03 7.490157859929817619e+01
4.770423375074536732e-03 3.114573939098252975e-03 7.486295359623930779e+01
2.389798633090225999e-02 4.912916540823517031e-02 7.398980140701978314e+01
2.892303936068818526e-03 4.918057367339911945e-03 7.482456543245083935e+01
2.533419015694923782e-02 5.249149886765602790e-02 7.395422750998791628e+01
4.770423375074536732e-03 6.773439599271957601e-03 7.473266109899402920e+01
1.582913210820188765e-02 3.687003810486008670e-02 7.415503021147878826e+01
2.892303936068818526e-03 8.682993575202024861e-03 7.469186517076772702e+01
2.110687323499960133e-02 4.749557886898825299e-02 7.401933679897254592e+01
2.533419015694923782e-02 4.589252665757773131e-02 7.402716323762899719e+01
2.892303936068818526e-03 6.773439599271957601e-03 7.475520016006568369e+01
9.540846750148990196e-04 8.682993575202024861e-03 7.471571834554978864e+01
3.847115625060792965e-05 1.913291493954377698e-02 7.445689299135393924e+01
2.829191684821433239e-02 5.249149886765602790e-02 7.394181427330588008e+01
2.248913876820854418e-02 4.749557886898825299e-02 7.401147770926941405e+01
9.540846750148990196e-04 2.259655823046671785e-02 7.442081948150617166e+01
2.892303936068818526e-03 3.451697803857206592e-04 7.506635763049014543e+01
9.540846750148990196e-04 1.360841777842569655e-03 7.503317164826698615e+01
9.540846750148990196e-04 7.721297913411168112e-03 7.475031523126709487e+01
3.847115625060792965e-05 3.451697803857206592e-04 7.515965755096844703e+01
1.333162961069939145e-02 4.589252665757773131e-02 7.412104859892190234e+01
1.333162961069939145e-02 4.277466364088935991e-02 7.412421674601628752e+01
2.110687323499960133e-02 4.589252665757773131e-02 7.403315733624637573e+01
8.594986943022242531e-03 2.748414376321353658e-02 7.430461473998995814e+01
1.711225265737748025e-02 3.830665458572435345e-02 7.413352477753154801e+01
1.644628478259962945e-02 3.451697803857206592e-04 7.488614535896032010e+01
9.540846750148990196e-04 3.451697803857206592e-04 7.512616482592764555e+01
2.892303936068818526e-03 1.360841777842569655e-03 7.498037882322330461e+01
1.173454509051181927e-02 2.231618510688287982e-03 7.482019190359187633e+01
1.007089379182402045e-02 4.009965359457662304e-03 7.477777602764250275e+01
9.540846750148990196e-04 3.114573939098252975e-03 7.494539939782633553e+01
2.110687323499960133e-02 4.277466364088935991e-02 7.406906048934727949e+01
2.533419015694923782e-02 5.598699404824203363e-02 7.393561510687469251e+01
1.711225265737748025e-02 4.912916540823517031e-02 7.405729395849330388e+01
2.533419015694923782e-02 4.912916540823517031e-02 7.398497398660495605e+01
1.007089379182402045e-02 3.114573939098252975e-03 7.480232780610926113e+01
4.770423375074536732e-03 4.918057367339911945e-03 7.479487401840489724e+01
8.357207867611779473e-03 4.918057367339911945e-03 7.476032729506034968e+01
2.892303936068818526e-03 3.114573939098252975e-03 7.489970541974126661e+01
7.461431432808890429e-03 2.500028882034219246e-02 7.434840619129670358e+01
6.591195655637330231e-03 6.773439599271957601e-03 7.471840804306154382e+01
9.540846750148990196e-04 4.918057367339911945e-03 7.486307245425557255e+01
4.770423375074536732e-03 8.682993575202024861e-03 7.467657447837356699e+01
1.047166106723673717e-03 6.773439599271957601e-03 7.482677508283187251e+01
9.540846750148990196e-04 1.267439211135662491e-02 7.459318388073310757e+01
2.892303936068818526e-03 1.064912692819669493e-02 7.463483137403113687e+01
1.930885651815886228e-03 8.682993575202024861e-03 7.470269562494134163e+01
1.975044444072915351e-02 4.431916059823037823e-02 7.405484025466492426e+01
4.174120453190210966e-03 2.500028882034219246e-02 7.435269954030242445e+01
8.594986943022242531e-03 3.976915604822581218e-02 7.420557357211076521e+01
1.047166106723673717e-03 2.259655823046671785e-02 7.440219214930708347e+01
3.847115625060792965e-05 2.623195242837755847e-02 7.438277469628447136e+01
3.847115625060792965e-05 1.267439211135662491e-02 7.460082606827435825e+01
9.540846750148990196e-04 1.064912692819669493e-02 7.465120926856604910e+01
6.347088727853417156e-03 3.687003810486008670e-02 7.424794325123286853e+01
4.174120453190210966e-03 2.748414376321353658e-02 7.432347848039663063e+01
1.047166106723673717e-03 3.136914764821741031e-02 7.435419504593406259e+01
7.461431432808890429e-03 3.830665458572435345e-02 7.422674993504300289e+01
2.072397039991402679e-03 2.026913654820630684e-02 7.443332331601094154e+01
3.847115625060792965e-05 2.142353770260746471e-02 7.442392705433557865e+01
5.251474471720724013e-03 3.545862542190572619e-02 7.426915301478334186e+01
3.847115625060792965e-05 3.005219717872456564e-02 7.437526846904901845e+01
1.333162961069939145e-02 3.976915604822581218e-02 7.413850126225314341e+01
6.347088727853417156e-03 2.748414376321353658e-02 7.430936547188763086e+01
2.892303936068818526e-03 1.476149745278096392e-02 7.454083483114361286e+01
9.748256462108834119e-03 4.125824844640912925e-02 7.418441469121809462e+01
1.711225265737748025e-02 4.431916059823037823e-02 7.407342454310051494e+01
9.540846750148990196e-04 1.691331923890063149e-02 7.449780444073269337e+01
1.333162961069939145e-02 3.687003810486008670e-02 7.416330314881977870e+01
2.072397039991402679e-03 3.005219717872456564e-02 7.433505340011906526e+01
1.582913210820188765e-02 3.976915604822581218e-02 7.411990844661274025e+01
3.847115625060792965e-05 2.378865226284399004e-02 7.439908492867719758e+01
1.092175877977591414e-02 3.136914764821741031e-02 7.424113284206949004e+01
2.248913876820854418e-02 4.912916540823517031e-02 7.399763118126615780e+01
1.211603104996808455e-02 4.125824844640912925e-02 7.414572111194841852e+01
3.114573939098252975e-03 2.748414376321353658e-02 7.433389869340196299e+01
1.975044444072915351e-02 4.589252665757773131e-02 7.404104493420346955e+01
1.333162961069939145e-02 3.407175904648099274e-02 7.419806575366843049e+01
2.248913876820854418e-02 4.589252665757773131e-02 7.402815747198872032e+01
1.975044444072915351e-02 4.749557886898825299e-02 7.403005616434981562e+01
1.092175877977591414e-02 3.830665458572435345e-02 7.417326555349600881e+01
8.594986943022242531e-03 3.270880416028773552e-02 7.423653096536385476e+01
1.211603104996808455e-02 4.431916059823037823e-02 7.414215161274910315e+01
3.114573939098252975e-03 3.005219717872456564e-02 7.431803816603699886e+01
8.594986943022242531e-03 3.830665458572435345e-02 7.420660311717224999e+01
7.461431432808890429e-03 2.748414376321353658e-02 7.430578937030553277e+01
4.174120453190210966e-03 3.005219717872456564e-02 7.430315416474874723e+01
5.251474471720724013e-03 2.748414376321353658e-02 7.431528162286410577e+01
9.540846750148990196e-04 1.476149745278096392e-02 7.454194252828669676e+01
1.092175877977591414e-02 3.687003810486008670e-02 7.418190151476815686e+01
1.841913469820447014e-02 4.277466364088935991e-02 7.407652643266389703e+01
6.347088727853417156e-03 3.005219717872456564e-02 7.427999975648363318e+01
1.975044444072915351e-02 3.976915604822581218e-02 7.411229547456231614e+01
4.174120453190210966e-03 3.136914764821741031e-02 7.429647282545873566e+01
1.333162961069939145e-02 4.125824844640912925e-02 7.413000793383855580e+01
1.456913084820060655e-02 4.431916059823037823e-02 7.410272089524254113e+01
1.333162961069939145e-02 3.545862542190572619e-02 7.417947260135919407e+01
3.114573939098252975e-03 2.500028882034219246e-02 7.435873103228188086e+01
1.456913084820060655e-02 4.125824844640912925e-02 7.411680584100388103e+01
1.456913084820060655e-02 3.545862542190572619e-02 7.417654394009886687e+01
1.092175877977591414e-02 3.976915604822581218e-02 7.416723377364762371e+01
9.748256462108834119e-03 3.545862542190572619e-02 7.420360629540134312e+01
1.047166106723673717e-03 2.875738033056773890e-02 7.435649882765319774e+01
8.594986943022242531e-03 3.407175904648099274e-02 7.422531414684343076e+01
6.347088727853417156e-03 2.623195242837755847e-02 7.432735577007370864e+01
3.847115625060792965e-05 2.875738033056773890e-02 7.437543229503008035e+01
1.711225265737748025e-02 3.687003810486008670e-02 7.415494626934878397e+01
6.347088727853417156e-03 3.270880416028773552e-02 7.425983933564707229e+01
1.047166106723673717e-03 1.913291493954377698e-02 7.445480815879977854e+01
1.333162961069939145e-02 3.830665458572435345e-02 7.414962327241661910e+01
6.347088727853417156e-03 3.545862542190572619e-02 7.424937561535081443e+01
4.174120453190210966e-03 2.875738033056773890e-02 7.431217581502075120e+01
1.456913084820060655e-02 3.407175904648099274e-02 7.419764907166100443e+01
1.047166106723673717e-03 2.500028882034219246e-02 7.437735326823256798e+01
1.047166106723673717e-03 2.378865226284399004e-02 7.438871514074342883e+01
3.114573939098252975e-03 2.142353770260746471e-02 7.441184762598477676e+01
9.748256462108834119e-03 3.270880416028773552e-02 7.422841853549525126e+01
9.748256462108834119e-03 3.830665458572435345e-02 7.418875452139351978e+01
7.461431432808890429e-03 3.545862542190572619e-02 7.423181948144947739e+01
1.211603104996808455e-02 3.545862542190572619e-02 7.418500519141271354e+01
1.456913084820060655e-02 4.589252665757773131e-02 7.409988664647725898e+01
1.456913084820060655e-02 3.830665458572435345e-02 7.414160422527780270e+01
1.047166106723673717e-03 2.623195242837755847e-02 7.436815966114501464e+01
2.072397039991402679e-03 2.875738033056773890e-02 7.433961035599180889e+01
1.211603104996808455e-02 3.830665458572435345e-02 7.416019982878337657e+01
2.072397039991402679e-03 2.623195242837755847e-02 7.435562451724656796e+01
9.748256462108834119e-03 3.005219717872456564e-02 7.426267774134497301e+01
4.174120453190210966e-03 2.623195242837755847e-02 7.433700485504121502e+01
5.251474471720724013e-03 2.378865226284399004e-02 7.436892462014206728e+01
8.594986943022242531e-03 3.545862542190572619e-02 7.421654291916991042e+01
1.711225265737748025e-02 4.277466364088935991e-02 7.408446874570472573e+01
8.594986943022242531e-03 3.687003810486008670e-02 7.421028315462316982e+01
5.251474471720724013e-03 3.270880416028773552e-02 7.427491448903404603e+01
1.092175877977591414e-02 3.005219717872456564e-02 7.426179436299180736e+01
2.248913876820854418e-02 5.249149886765602790e-02 7.397877338019902993e+01
1.092175877977591414e-02 3.545862542190572619e-02 7.419307212974818810e+01
1.092175877977591414e-02 3.407175904648099274e-02 7.420671032825086399e+01
1.211603104996808455e-02 3.270880416028773552e-02 7.421959545162187055e+01
7.461431432808890429e-03 3.005219717872456564e-02 7.427184407038249958e+01
2.072397039991402679e-03 2.378865226284399004e-02 7.438046013626455988e+01
1.711225265737748025e-02 3.976915604822581218e-02 7.411459167089560651e+01
1.211603104996808455e-02 4.277466364088935991e-02 7.414253460047768840e+01
5.251474471720724013e-03 2.500028882034219246e-02 7.434892901810597721e+01
6.347088727853417156e-03 3.136914764821741031e-02 7.426873897133235403e+01
1.047166106723673717e-03 2.748414376321353658e-02 7.436118924688123855e+01
1.711225265737748025e-02 4.589252665757773131e-02 7.406516020691798019e+01
8.594986943022242531e-03 3.005219717872456564e-02 7.426604922614306759e+01
1.092175877977591414e-02 3.270880416028773552e-02 7.422275138990744381e+01
8.594986943022242531e-03 3.136914764821741031e-02 7.425012979022346826e+01
1.456913084820060655e-02 3.976915604822581218e-02 7.412790259274518689e+01
5.251474471720724013e-03 3.005219717872456564e-02 7.429045590109713260e+01
7.461431432808890429e-03 3.687003810486008670e-02 7.422798357711060646e+01
9.748256462108834119e-03 2.875738033056773890e-02 7.428319907375573905e+01
1.975044444072915351e-02 4.277466364088935991e-02 7.407136368396872683e+01
1.975044444072915351e-02 4.912916540823517031e-02 7.402195542870765621e+01
1.211603104996808455e-02 3.136914764821741031e-02 7.424040091168266997e+01
8.594986943022242531e-03 2.875738033056773890e-02 7.428422997358019586e+01
3.114573939098252975e-03 3.136914764821741031e-02 7.431361809185753486e+01
5.251474471720724013e-03 3.407175904648099274e-02 7.427077891440355017e+01
7.461431432808890429e-03 3.270880416028773552e-02 7.424702504617161480e+01
3.114573939098252975e-03 3.270880416028773552e-02 7.431161996776616263e+01
1.456913084820060655e-02 3.687003810486008670e-02 7.415784056482345932e+01
5.251474471720724013e-03 2.623195242837755847e-02 7.433103031307517483e+01
7.461431432808890429e-03 2.623195242837755847e-02 7.432604107053201403e+01
4.174120453190210966e-03 3.407175904648099274e-02 7.429037874149774723e+01
5.251474471720724013e-03 3.136914764821741031e-02 7.428149448643853248e+01
6.347088727853417156e-03 3.407175904648099274e-02 7.425336331820842872e+01
9.748256462108834119e-03 3.687003810486008670e-02 7.419490181294011677e+01
7.461431432808890429e-03 3.136914764821741031e-02 7.425826411790679060e+01
1.047166106723673717e-03 2.142353770260746471e-02 7.441773288954517795e+01
1.456913084820060655e-02 4.277466364088935991e-02 7.410838676318496709e+01
9.748256462108834119e-03 3.976915604822581218e-02 7.418523456727048426e+01
6.347088727853417156e-03 2.875738033056773890e-02 7.429356135474429834e+01
9.748256462108834119e-03 3.136914764821741031e-02 7.424439796821710047e+01
1.211603104996808455e-02 3.687003810486008670e-02 7.417134645237040047e+01
9.748256462108834119e-03 3.407175904648099274e-02 7.421480030169588815e+01
3.114573939098252975e-03 2.623195242837755847e-02 7.434522156007236049e+01
5.251474471720724013e-03 2.875738033056773890e-02 7.430173787825768272e+01
7.461431432808890429e-03 2.875738033056773890e-02 7.428770508564535646e+01
7.461431432808890429e-03 3.407175904648099274e-02 7.423818878721085923e+01
1.211603104996808455e-02 3.407175904648099274e-02 7.420110957262993168e+01
3.114573939098252975e-03 2.378865226284399004e-02 7.437437308740933872e+01
3.114573939098252975e-03 2.875738033056773890e-02 7.432481829878281587e+01
1.211603104996808455e-02 3.976915604822581218e-02 7.415163422956581485e+01
