6.149774920539038958e-02 9.769848227023497644e-02 7.362902367829539685e+01
5.941315643058894813e-02 9.520713968571617447e-02 7.365068605241692978e+01
9.793013659905452917e-03 4.132657802730962948e-02 7.433505340011906526e+01
5.538141655844550093e-02 9.038871886291058311e-02 7.369401849943871241e+01
5.152308485284587403e-02 8.577754194646222685e-02 7.373736119178228421e+01
4.782720921906094547e-02 8.136051984754855138e-02 7.378071410585145884e+01
4.428374082790631494e-02 7.712564298982715894e-02 7.382407721812239743e+01
1.590828846554792619e-02 2.504898401080035697e-04 7.509762795589325890e+01
4.088344287679834821e-02 7.306187226777130506e-02 7.386745050514340960e+01
1.445697679727424301e-02 1.854122067102143001e-03 7.505462833929929900e+01
3.761781019108081936e-02 6.915904296045033428e-02 7.391083394353468350e+01
1.296617365503391350e-02 2.504898401080035697e-04 7.510501236654420154e+01
1.371661172325623623e-02 2.504898401080035697e-04 7.510088163196827793e+01
1.143424490886972567e-02 2.671557975018001851e-03 7.503769894461142087e+01
3.447899819218724904e-02 6.540777983982143384e-02 7.395422750998791628e+01
1.143424490886972567e-02 1.854122067102143001e-03 7.506324640770114343e+01
3.145975998372771421e-02 6.179942198093077432e-02 7.399763118126615780e+01
9.859465008966672439e-03 3.499679319638626662e-03 7.502156749276834091e+01
2.855339049334143509e-02 5.832595600461545904e-02 7.404104493420346955e+01
2.575367676407025463e-02 5.497995666963284567e-02 7.408446874570472573e+01
2.305485361963766078e-02 5.175453388726219961e-02 7.412790259274518689e+01
8.240010501974162627e-03 1.047166106723673717e-03 7.513036067033942800e+01
2.174158700024861335e-02 5.175453388726219961e-02 7.413850126225314341e+01
2.305485361963766078e-02 3.993701848294620160e-02 7.430485956617667398e+01
9.859465008966672439e-03 2.504898401080035697e-04 7.513762755847835706e+01
4.859251458179600358e-03 2.504898401080035697e-04 7.523874805142864375e+01
8.240010501974162627e-03 1.854122067102143001e-03 7.509782737351704895e+01
1.296617365503391350e-02 3.499679319638626662e-03 7.501166464268526113e+01
1.793882365888721520e-02 4.564025417807263119e-02 7.421480030169588815e+01
6.573952987586201280e-03 3.499679319638626662e-03 7.505819773501958991e+01
1.143424490886972567e-02 5.188827492772080108e-03 7.496873834221823074e+01
2.045156403783987553e-02 4.864328536267459313e-02 7.417134645237040047e+01
1.551198893391583788e-02 3.722680317327869970e-02 7.432604107053201403e+01
2.045156403783987553e-02 5.497995666963284567e-02 7.414253460047768840e+01
1.445697679727424301e-02 2.504898401080035697e-04 7.509829464232939245e+01
1.316672848541411422e-02 4.864328536267459313e-02 7.427010439026014410e+01
1.275138486938748317e-03 1.047166106723673717e-03 7.529895693690981773e+01
1.793882365888721520e-02 5.175453388726219961e-02 7.418523456727048426e+01
1.296617365503391350e-02 1.854122067102143001e-03 7.505582589015371298e+01
1.316672848541411422e-02 3.460472494685243317e-02 7.436892462014206728e+01
1.275138486938748317e-03 6.050293061070161071e-03 7.504886672178244567e+01
3.520012656225285363e-03 3.460472494685243317e-02 7.446070746242604343e+01
1.089899730793719712e-02 4.564025417807263119e-02 7.431210787273961671e+01
1.551198893391583788e-02 4.864328536267459313e-02 7.422798357711060646e+01
1.143424490886972567e-02 3.499679319638626662e-03 7.501341489744903868e+01
1.089899730793719712e-02 3.722680317327869970e-02 7.434522156007236049e+01
9.859465008966672439e-03 1.854122067102143001e-03 7.507715385854727685e+01
5.989969216871893209e-04 3.082768369211932868e-02 7.452479550630512506e+01
8.240010501974162627e-03 3.499679319638626662e-03 7.503639792168009137e+01
6.573952987586201280e-03 6.050293061070161071e-03 7.496647519374450042e+01
1.316672848541411422e-02 4.564025417807263119e-02 7.427077891440355017e+01
1.089899730793719712e-02 4.273989072627756847e-02 7.431361809185753486e+01
3.451697803857206592e-04 1.854122067102143001e-03 7.528293437007891953e+01
8.705013485825419117e-03 4.273989072627756847e-02 7.435419504593406259e+01
8.705013485825419117e-03 3.993701848294620160e-02 7.435649882765319774e+01
3.520012656225285363e-03 3.206655322367177319e-02 7.446917942524933665e+01
6.581237146021212681e-03 3.993701848294620160e-02 7.439636100896561288e+01
2.191227063543216280e-03 5.188827492772080108e-03 7.506738843852225784e+01
2.531245056162007012e-03 3.332540452186216751e-02 7.448205814662347279e+01
1.557689265330453043e-03 3.206655322367177319e-02 7.450342093005045285e+01
2.191227063543216280e-03 2.504898401080035697e-04 7.531510324650921007e+01
4.524351399596643342e-03 3.722680317327869970e-02 7.443860125793830207e+01
8.240010501974162627e-03 2.504898401080035697e-04 7.516407520110576002e+01
3.451697803857206592e-04 2.960832391696927024e-02 7.454618158085398250e+01
8.705013485825419117e-03 3.082768369211932868e-02 7.443528761256698090e+01
1.557689265330453043e-03 3.460472494685243317e-02 7.450294551916218211e+01
6.573952987586201280e-03 1.854122067102143001e-03 7.512556235334707821e+01
5.989969216871893209e-04 1.047166106723673717e-03 7.536140904434499532e+01
3.451697803857206592e-04 5.188827492772080108e-03 7.510977508646615775e+01
7.412931950188716979e-03 3.499679319638626662e-03 7.504640777432715026e+01
7.634561701649916765e-03 3.460472494685243317e-02 7.439908492867719758e+01
8.240010501974162627e-03 4.338696997741087191e-03 7.500755004051822539e+01
5.989969216871893209e-04 4.338696997741087191e-03 7.517723099837084533e+01
6.573952987586201280e-03 1.147034726161214047e-02 7.481918625741788276e+01
4.859251458179600358e-03 3.499679319638626662e-03 7.508727572963140062e+01
3.451697803857206592e-04 3.082768369211932868e-02 7.454450047148114322e+01
2.531245056162007012e-03 3.460472494685243317e-02 7.448091164779457074e+01
3.451697803857206592e-04 7.808148477462140136e-03 7.499263289505481112e+01
5.722814909583651133e-03 5.188827492772080108e-03 7.500634286584616461e+01
9.055440060072500463e-03 3.499679319638626662e-03 7.502813014587992768e+01
8.240010501974162627e-03 8.705013485825419117e-03 7.488300435215151651e+01
6.581237146021212681e-03 3.722680317327869970e-02 7.439941902523379724e+01
8.240010501974162627e-03 5.188827492772080108e-03 7.497997998267560149e+01
5.989969216871893209e-04 2.671557975018001851e-03 7.526703905171602571e+01
5.989969216871893209e-04 2.504898401080035697e-04 7.541024983200772169e+01
4.524351399596643342e-03 3.460472494685243317e-02 7.444237675537826249e+01
6.573952987586201280e-03 6.923321925586978232e-03 7.493848854675651694e+01
1.275138486938748317e-03 2.504898401080035697e-04 7.534466727646068307e+01
6.573952987586201280e-03 7.808148477462140136e-03 7.491183977642837988e+01
1.275138486938748317e-03 2.671557975018001851e-03 7.521089891804729177e+01
4.859251458179600358e-03 7.808148477462140136e-03 7.492551916952957924e+01
3.093743957531328026e-03 1.854122067102143001e-03 7.520348699214947885e+01
1.275138486938748317e-03 1.854122067102143001e-03 7.525436019179178970e+01
5.989969216871893209e-04 3.206655322367177319e-02 7.452328835838170562e+01
1.275138486938748317e-03 3.499679319638626662e-03 7.516859557080094589e+01
5.989969216871893209e-04 3.499679319638626662e-03 7.522155350507624405e+01
3.520012656225285363e-03 2.378865226284399004e-02 7.456236233870353658e+01
3.451697803857206592e-04 1.534181454771357811e-02 7.473935724263208158e+01
3.451697803857206592e-04 1.147034726161214047e-02 7.485472153702588116e+01
3.093743957531328026e-03 6.050293061070161071e-03 7.501372115384671702e+01
3.982988544254911778e-03 6.923321925586978232e-03 7.496644039620278477e+01
5.989969216871893209e-04 6.050293061070161071e-03 7.509216897439772254e+01
9.859465008966672439e-03 6.923321925586978232e-03 7.492585101588382201e+01
8.240010501974162627e-03 6.050293061070161071e-03 7.495371353417793614e+01
9.859465008966672439e-03 5.188827492772080108e-03 7.497106436467834101e+01
3.093743957531328026e-03 5.188827492772080108e-03 7.504922778619099688e+01
3.982988544254911778e-03 6.050293061070161071e-03 7.499909331992687100e+01
1.275138486938748317e-03 6.923321925586978232e-03 7.501143188575943554e+01
5.544632027783436001e-03 3.206655322367177319e-02 7.444255691022418375e+01
4.859251458179600358e-03 9.614164316221057716e-03 7.487005072393820626e+01
1.089899730793719712e-02 3.206655322367177319e-02 7.441184762598477676e+01
6.581237146021212681e-03 2.606280087845602722e-02 7.451896484662293574e+01
4.524351399596643342e-03 2.378865226284399004e-02 7.456172897488450246e+01
4.524351399596643342e-03 2.840801663830591628e-02 7.448914895912093925e+01
1.275138486938748317e-03 7.808148477462140136e-03 7.497527662629413214e+01
2.191227063543216280e-03 9.614164316221057716e-03 7.489483006314482338e+01
6.581237146021212681e-03 2.840801663830591628e-02 7.447850441239050667e+01
1.557689265330453043e-03 2.840801663830591628e-02 7.451998549009699957e+01
2.191227063543216280e-03 1.147034726161214047e-02 7.483521402795850008e+01
5.722814909583651133e-03 8.705013485825419117e-03 7.489093439279193376e+01
5.544632027783436001e-03 2.960832391696927024e-02 7.446740547492296969e+01
1.557689265330453043e-03 2.606280087845602722e-02 7.454102030179988958e+01
8.240010501974162627e-03 6.923321925586978232e-03 7.492877718121266639e+01
3.451697803857206592e-04 2.158238868053380388e-02 7.461305067334409102e+01
4.859251458179600358e-03 5.188827492772080108e-03 7.501874782632543770e+01
4.524351399596643342e-03 3.332540452186216751e-02 7.444756905558801918e+01
6.573952987586201280e-03 8.705013485825419117e-03 7.488655644154088975e+01
3.520012656225285363e-03 2.606280087845602722e-02 7.452620383377971791e+01
1.275138486938748317e-03 1.147034726161214047e-02 7.484398960537718892e+01
5.544632027783436001e-03 2.491704661410185095e-02 7.454034116243217056e+01
8.705013485825419117e-03 3.722680317327869970e-02 7.436815966114501464e+01
3.520012656225285363e-03 3.082768369211932868e-02 7.447658653871225454e+01
3.451697803857206592e-04 8.705013485825419117e-03 7.495614288514127566e+01
5.989969216871893209e-04 2.840801663830591628e-02 7.453404565229463685e+01
6.581237146021212681e-03 3.460472494685243317e-02 7.441151805442034117e+01
8.705013485825419117e-03 3.460472494685243317e-02 7.438871514074342883e+01
4.859251458179600358e-03 1.147034726161214047e-02 7.482019190359187633e+01
3.520012656225285363e-03 2.491704661410185095e-02 7.454337378683567295e+01
4.524351399596643342e-03 3.206655322367177319e-02 7.445489299928165394e+01
3.520012656225285363e-03 2.960832391696927024e-02 7.448604033207793407e+01
5.544632027783436001e-03 3.082768369211932868e-02 7.445397402282107180e+01
1.089899730793719712e-02 3.460472494685243317e-02 7.437437308740933872e+01
6.573952987586201280e-03 1.053585515807042849e-02 7.484020015951374205e+01
3.451697803857206592e-04 1.337881705053539649e-02 7.479410073435154516e+01
4.524351399596643342e-03 2.606280087845602722e-02 7.452174491995381800e+01
8.705013485825419117e-03 3.206655322367177319e-02 7.441773288954517795e+01
2.191227063543216280e-03 1.534181454771357811e-02 7.473338856677570163e+01
3.451697803857206592e-04 6.923321925586978232e-03 7.503041891953895970e+01
3.982988544254911778e-03 8.705013485825419117e-03 7.490508769370691766e+01
1.557689265330453043e-03 2.491704661410185095e-02 7.455439632969289221e+01
6.581237146021212681e-03 2.960832391696927024e-02 7.446110924015832211e+01
2.531245056162007012e-03 2.606280087845602722e-02 7.453264440071748709e+01
1.557689265330453043e-03 2.960832391696927024e-02 7.451241783342446467e+01
8.705013485825419117e-03 2.960832391696927024e-02 7.445480815879977854e+01
3.451697803857206592e-04 2.491704661410185095e-02 7.457304101879412883e+01
5.989969216871893209e-04 1.944101520358568203e-02 7.464738968560151022e+01
2.531245056162007012e-03 3.206655322367177319e-02 7.448537024026680342e+01
5.989969216871893209e-04 2.378865226284399004e-02 7.457615104590934152e+01
6.573952987586201280e-03 5.188827492772080108e-03 7.499577289692490467e+01
3.093743957531328026e-03 7.808148477462140136e-03 7.494655284391153316e+01
5.989969216871893209e-04 2.960832391696927024e-02 7.452839783928995132e+01
3.093743957531328026e-03 6.923321925586978232e-03 7.497948749283747816e+01
4.859251458179600358e-03 6.923321925586978232e-03 7.495528575323729115e+01
2.531245056162007012e-03 2.378865226284399004e-02 7.456500825626926598e+01
2.191227063543216280e-03 6.923321925586978232e-03 7.499446992600836381e+01
3.451697803857206592e-04 2.722631877481565543e-02 7.455567907483887780e+01
5.989969216871893209e-04 2.606280087845602722e-02 7.455128665200309968e+01
5.989969216871893209e-04 1.736171052307086682e-02 7.469313369222459187e+01
3.093743957531328026e-03 1.534181454771357811e-02 7.473321351418728398e+01
2.191227063543216280e-03 1.241790918478383188e-02 7.480753573722522276e+01
2.191227063543216280e-03 1.634449672253121544e-02 7.471174307709317475e+01
3.451697803857206592e-04 1.053585515807042849e-02 7.488715918582234110e+01
1.275138486938748317e-03 1.534181454771357811e-02 7.473542222075379016e+01
1.275138486938748317e-03 9.614164316221057716e-03 7.490691099534532782e+01
3.520012656225285363e-03 2.267722624769524797e-02 7.458312800075506743e+01
3.451697803857206592e-04 1.241790918478383188e-02 7.482369203792600842e+01
1.275138486938748317e-03 5.188827492772080108e-03 7.508755548350031006e+01
1.557689265330453043e-03 2.722631877481565543e-02 7.452953507284783541e+01
5.989969216871893209e-04 2.158238868053380388e-02 7.460829360754810580e+01
2.191227063543216280e-03 1.435335481509195099e-02 7.475659117050396674e+01
6.581237146021212681e-03 3.206655322367177319e-02 7.443221859773221638e+01
3.093743957531328026e-03 9.614164316221057716e-03 7.488468835426670012e+01
3.093743957531328026e-03 3.499679319638626662e-03 7.512395924372198408e+01
3.093743957531328026e-03 1.147034726161214047e-02 7.482835080219895474e+01
2.531245056162007012e-03 2.158238868053380388e-02 7.460453796761332512e+01
3.093743957531328026e-03 1.337881705053539649e-02 7.477777602764250275e+01
3.451697803857206592e-04 2.050377092918215238e-02 7.462994430086418163e+01
1.557689265330453043e-03 2.050377092918215238e-02 7.462595861332853531e+01
3.451697803857206592e-04 1.435335481509195099e-02 7.476597853499238511e+01
3.982988544254911778e-03 1.147034726161214047e-02 7.482335723687572226e+01
1.275138486938748317e-03 1.337881705053539649e-02 7.478674476471552168e+01
2.531245056162007012e-03 2.960832391696927024e-02 7.449828405242806184e+01
4.859251458179600358e-03 2.671557975018001851e-03 7.512337715230317770e+01
3.451697803857206592e-04 2.267722624769524797e-02 7.459790853623266571e+01
3.982988544254911778e-03 1.053585515807042849e-02 7.484918933265257124e+01
3.982988544254911778e-03 1.435335481509195099e-02 7.475469324907358271e+01
6.581237146021212681e-03 2.722631877481565543e-02 7.449780444073269337e+01
3.093743957531328026e-03 1.053585515807042849e-02 7.485581427964271484e+01
2.531245056162007012e-03 2.722631877481565543e-02 7.451925505084950885e+01
2.531245056162007012e-03 2.491704661410185095e-02 7.454790984630797368e+01
5.989969216871893209e-04 9.614164316221057716e-03 7.493707039316551288e+01
3.093743957531328026e-03 8.705013485825419117e-03 7.491494396463720307e+01
3.451697803857206592e-04 1.634449672253121544e-02 7.471426958674781815e+01
4.859251458179600358e-03 1.241790918478383188e-02 7.479744037700019987e+01
2.191227063543216280e-03 8.705013485825419117e-03 7.492670930332893420e+01
2.191227063543216280e-03 1.053585515807042849e-02 7.486432202340516540e+01
1.557689265330453043e-03 2.378865226284399004e-02 7.456961968682549013e+01
3.451697803857206592e-04 1.839377416011470090e-02 7.466883094152093747e+01
5.989969216871893209e-04 2.722631877481565543e-02 7.454169080324041374e+01
4.524351399596643342e-03 2.722631877481565543e-02 7.450450169595104910e+01
2.531245056162007012e-03 2.267722624769524797e-02 7.458389781394463114e+01
3.093743957531328026e-03 1.435335481509195099e-02 7.475472708578391234e+01
5.722814909583651133e-03 3.499679319638626662e-03 7.507180695155251726e+01
4.524351399596643342e-03 2.960832391696927024e-02 7.447573190856829228e+01
4.859251458179600358e-03 8.705013485825419117e-03 7.489709818943431685e+01
5.989969216871893209e-04 2.267722624769524797e-02 7.459133331030871261e+01
1.275138486938748317e-03 1.435335481509195099e-02 7.476032729506034968e+01
4.524351399596643342e-03 2.491704661410185095e-02 7.454083483114361286e+01
1.557689265330453043e-03 2.267722624769524797e-02 7.458664822851760334e+01
5.989969216871893209e-04 2.491704661410185095e-02 7.456278800224143311e+01
3.520012656225285363e-03 2.722631877481565543e-02 7.451089527253222400e+01
3.093743957531328026e-03 1.241790918478383188e-02 7.480232780610926113e+01
3.451697803857206592e-04 1.944101520358568203e-02 7.464855035857739551e+01
1.275138486938748317e-03 1.736171052307086682e-02 7.469028214714309399e+01
1.275138486938748317e-03 8.705013485825419117e-03 7.494042730032269617e+01
1.275138486938748317e-03 1.053585515807042849e-02 7.487475555494386015e+01
1.275138486938748317e-03 1.634449672253121544e-02 7.471206252200974518e+01
4.859251458179600358e-03 1.053585515807042849e-02 7.484440546312710296e+01
5.989969216871893209e-04 2.050377092918215238e-02 7.462699198628050112e+01
1.275138486938748317e-03 1.241790918478383188e-02 7.481464258330768757e+01
