8.109719737626713831e-02 1.183932346723044482e-01 8.235053155527778301e+01
7.576919204826182419e-02 1.120965011028436098e-01 8.239459169597154187e+01
7.071095914192765397e-02 1.061185894862668455e-01 8.243865989606652533e+01
9.220445180181377487e-03 7.721297913411168112e-03 8.372407019238919190e+01
6.590251551491863036e-02 1.004358833816198227e-01 8.248273613917098146e+01
6.132580411089796901e-02 9.502704263141359409e-02 8.252682040893755300e+01
4.503069977130799706e-02 8.025908417860339039e-02 8.268438555129877443e+01
5.696446736118418452e-02 8.987273556357003312e-02 8.257091268906309267e+01
4.139496412564680483e-02 7.576919204826182419e-02 8.272812201570455670e+01
8.357207867611779473e-03 8.682993575202024861e-03 8.370214972829860756e+01
5.280365184134230838e-02 8.495540813102961386e-02 8.261501296328872002e+01
1.335032153168341784e-02 3.451697803857206592e-04 8.392966511572748800e+01
3.791231208611869907e-02 7.147241355793493289e-02 8.277189109653050991e+01
4.882983926621239923e-02 8.025908417860339039e-02 8.265912121539938084e+01
1.173454509051181927e-02 1.360841777842569655e-03 8.388692064930197034e+01
2.829191684821433239e-02 6.341041680288864169e-02 8.289747518897826239e+01
3.457327456368453067e-02 6.735655205667445689e-02 8.281569070031211766e+01
4.503069977130799706e-02 7.576919204826182419e-02 8.270323742922393251e+01
1.007089379182402045e-02 3.114573939098252975e-03 8.384425330799787446e+01
4.139496412564680483e-02 7.147241355793493289e-02 8.274736158863484548e+01
8.357207867611779473e-03 4.918057367339911945e-03 8.380166726418138978e+01
3.791231208611869907e-02 6.735655205667445689e-02 8.279149367754820332e+01
2.533419015694923782e-02 5.962372135733656764e-02 8.294048148824847999e+01
3.457327456368453067e-02 6.341041680288864169e-02 8.283563367992339010e+01
2.829191684821433239e-02 5.598699404824203363e-02 8.292393736111297642e+01
1.492026034331823958e-02 4.009965359457662304e-03 8.382340162044137344e+01
3.136914764821741031e-02 5.962372135733656764e-02 8.287978157976306193e+01
6.591195655637330231e-03 5.019934933920278120e-04 8.399971135169997183e+01
2.981514609421587192e-02 5.598699404824203363e-02 8.291739843223241735e+01
2.829191684821433239e-02 5.778717406624384045e-02 8.291187869702497437e+01
4.770423375074536732e-03 3.451697803857206592e-04 8.408966299034767644e+01
3.457327456368453067e-02 5.422211167765203510e-02 8.294906470402239052e+01
6.591195655637330231e-03 1.360841777842569655e-03 8.396070257769842726e+01
2.110687323499960133e-02 5.249149886765602790e-02 8.300742005475262886e+01
2.248913876820854418e-02 5.422211167765203510e-02 8.298562114568872516e+01
2.533419015694923782e-02 5.778717406624384045e-02 8.294205529982549763e+01
4.770423375074536732e-03 3.114573939098252975e-03 8.392180326230518972e+01
1.492026034331823958e-02 3.451697803857206592e-04 8.392200279218266701e+01
1.335032153168341784e-02 1.360841777842569655e-03 8.387854620507864922e+01
3.136914764821741031e-02 6.341041680288864169e-02 8.285951894775234905e+01
2.248913876820854418e-02 5.598699404824203363e-02 8.298356313806861806e+01
2.248913876820854418e-02 4.749557886898825299e-02 8.302765473985346034e+01
3.847115625060792965e-05 1.360841777842569655e-03 8.415034812423976973e+01
1.007089379182402045e-02 4.918057367339911945e-03 8.379177187758503464e+01
2.892303936068818526e-03 3.451697803857206592e-04 8.414871984929010296e+01
1.173454509051181927e-02 3.114573939098252975e-03 8.383513514475512807e+01
9.540846750148990196e-04 1.360841777842569655e-03 8.411576247473905710e+01
1.582913210820188765e-02 4.589252665757773131e-02 8.309471469518291542e+01
1.007089379182402045e-02 1.360841777842569655e-03 8.390316144606903492e+01
9.220445180181377487e-03 1.360841777842569655e-03 8.391434323678872431e+01
2.679855484233048535e-02 5.249149886765602790e-02 8.296149213097443464e+01
2.829191684821433239e-02 5.962372135733656764e-02 8.290337414777017955e+01
9.540846750148990196e-04 4.918057367339911945e-03 8.392899390691493977e+01
1.047166106723673717e-03 3.451697803857206592e-04 8.429746129224656670e+01
2.533419015694923782e-02 5.598699404824203363e-02 8.294725477514620593e+01
2.533419015694923782e-02 5.249149886765602790e-02 8.296810100806179378e+01
2.892303936068818526e-03 8.682993575202024861e-03 8.373723353958610005e+01
2.248913876820854418e-02 5.249149886765602790e-02 8.299115945120644255e+01
8.357207867611779473e-03 3.114573939098252975e-03 8.386148244025828546e+01
8.357207867611779473e-03 7.721297913411168112e-03 8.372442291319846674e+01
7.480891201821437964e-03 6.773439599271957601e-03 8.375275831690822770e+01
1.492026034331823958e-02 1.360841777842569655e-03 8.387769922877038198e+01
3.838700059630287265e-03 1.267439211135662491e-02 8.361558690852747588e+01
6.591195655637330231e-03 4.918057367339911945e-03 8.381992983650835072e+01
1.335032153168341784e-02 3.114573939098252975e-03 8.383377341755965517e+01
1.841913469820447014e-02 4.589252665757773131e-02 8.306625423806896436e+01
1.582913210820188765e-02 3.687003810486008670e-02 8.317685721548654953e+01
4.770423375074536732e-03 6.773439599271957601e-03 8.377851091967266939e+01
1.173454509051181927e-02 4.918057367339911945e-03 8.378987251658372770e+01
2.389798633090225999e-02 4.589252665757773131e-02 8.304579608846626115e+01
6.591195655637330231e-03 7.721297913411168112e-03 8.373131485076245895e+01
1.007089379182402045e-02 6.773439599271957601e-03 8.374599757695075652e+01
5.687812485665799667e-03 8.682993575202024861e-03 8.370988940090742858e+01
9.220445180181377487e-03 4.918057367339911945e-03 8.379569739673689810e+01
1.975044444072915351e-02 4.125824844640912925e-02 8.311128598445972671e+01
1.841913469820447014e-02 3.976915604822581218e-02 8.313313437755135737e+01
8.357207867611779473e-03 6.773439599271957601e-03 8.374845883934884228e+01
1.007089379182402045e-02 3.451697803857206592e-04 8.396823131828833198e+01
1.975044444072915351e-02 5.249149886765602790e-02 8.302671493102643296e+01
2.829191684821433239e-02 5.249149886765602790e-02 8.295829581462130875e+01
1.711225265737748025e-02 4.912916540823517031e-02 8.306993214969170936e+01
1.582913210820188765e-02 3.976915604822581218e-02 8.313798208914774079e+01
1.930885651815886228e-03 1.476149745278096392e-02 8.357212893213004179e+01
6.591195655637330231e-03 1.371003908001794391e-02 8.360205406000807216e+01
2.248913876820854418e-02 4.912916540823517031e-02 8.301227250474101993e+01
1.711225265737748025e-02 4.125824844640912925e-02 8.311591114326000707e+01
2.533419015694923782e-02 4.912916540823517031e-02 8.300220244782386203e+01
8.594986943022242531e-03 3.830665458572435345e-02 8.322164921193206055e+01
2.248913876820854418e-02 4.589252665757773131e-02 8.304613187719414213e+01
3.847115625060792965e-05 8.682993575202024861e-03 8.378562552313259459e+01
1.975044444072915351e-02 4.277466364088935991e-02 8.309008296910320723e+01
1.333162961069939145e-02 3.830665458572435345e-02 8.316693433164263638e+01
1.975044444072915351e-02 4.912916540823517031e-02 8.303508692708128081e+01
1.975044444072915351e-02 4.589252665757773131e-02 8.305645183532479336e+01
1.333162961069939145e-02 4.589252665757773131e-02 8.313444680784257912e+01
1.092175877977591414e-02 3.545862542190572619e-02 8.321114095687619283e+01
5.687812485665799667e-03 1.064912692819669493e-02 8.365908966707607419e+01
9.540846750148990196e-04 5.839122118191875099e-03 8.388609833875850086e+01
1.047166106723673717e-03 1.582913210820188765e-02 8.356046009585369916e+01
2.072397039991402679e-03 2.259655823046671785e-02 8.342031598384828328e+01
6.591195655637330231e-03 8.682993575202024861e-03 8.370519865076236954e+01
2.892303936068818526e-03 4.918057367339911945e-03 8.388315979758007757e+01
9.540846750148990196e-04 3.114573939098252975e-03 8.401940531451207050e+01
1.333162961069939145e-02 4.277466364088935991e-02 8.313841733889204022e+01
4.770423375074536732e-03 1.064912692819669493e-02 8.366199413469122703e+01
2.892303936068818526e-03 5.839122118191875099e-03 8.384422677093346010e+01
6.591195655637330231e-03 3.451697803857206592e-04 8.404018343987024764e+01
1.333162961069939145e-02 3.687003810486008670e-02 8.318213198377409867e+01
9.540846750148990196e-04 6.773439599271957601e-03 8.384478765955851998e+01
1.711225265737748025e-02 4.589252665757773131e-02 8.307903606915454020e+01
8.357207867611779473e-03 1.360841777842569655e-03 8.392762814822424389e+01
9.540846750148990196e-04 5.019934933920278120e-04 8.416609358158019916e+01
6.591195655637330231e-03 3.114573939098252975e-03 8.388719903270690281e+01
4.770423375074536732e-03 4.918057367339911945e-03 8.384695410512992453e+01
7.461431432808890429e-03 3.830665458572435345e-02 8.324177381281120347e+01
2.892303936068818526e-03 6.773439599271957601e-03 8.380690428012863435e+01
9.540846750148990196e-04 8.682993575202024861e-03 8.376706132715167996e+01
9.540846750148990196e-04 2.259655823046671785e-02 8.344171361322091229e+01
1.930885651815886228e-03 1.064912692819669493e-02 8.368409539809078979e+01
6.347088727853417156e-03 3.545862542190572619e-02 8.326511309762912560e+01
8.594986943022242531e-03 2.875738033056773890e-02 8.330821748746662081e+01
3.847115625060792965e-05 1.267439211135662491e-02 8.364246485565458045e+01
9.540846750148990196e-04 1.064912692819669493e-02 8.369610616461126540e+01
1.092175877977591414e-02 3.976915604822581218e-02 8.318215406817714097e+01
3.847115625060792965e-05 1.691331923890063149e-02 8.352871815990820892e+01
1.092175877977591414e-02 3.270880416028773552e-02 8.324406829695864474e+01
2.892303936068818526e-03 1.064912692819669493e-02 8.367444355068550976e+01
1.047166106723673717e-03 1.801444679351657530e-02 8.350703128591356972e+01
1.930885651815886228e-03 1.267439211135662491e-02 8.362437802137574749e+01
1.211603104996808455e-02 3.830665458572435345e-02 8.317660638557080688e+01
2.072397039991402679e-03 3.005219717872456564e-02 8.335217663531228993e+01
5.251474471720724013e-03 3.545862542190572619e-02 8.328483307452739837e+01
9.748256462108834119e-03 3.005219717872456564e-02 8.328630536751450109e+01
3.114573939098252975e-03 2.259655823046671785e-02 8.341788043633860639e+01
3.847115625060792965e-05 2.875738033056773890e-02 8.339276443093370972e+01
1.047166106723673717e-03 2.500028882034219246e-02 8.339750450658486614e+01
4.174120453190210966e-03 2.500028882034219246e-02 8.337622979791952105e+01
9.748256462108834119e-03 3.545862542190572619e-02 8.322076579779918859e+01
1.047166106723673717e-03 2.748414376321353658e-02 8.337934463859768641e+01
1.333162961069939145e-02 3.407175904648099274e-02 8.322061317851330386e+01
3.847115625060792965e-05 2.026913654820630684e-02 8.346441741358131594e+01
1.211603104996808455e-02 4.125824844640912925e-02 8.316028156358326839e+01
6.347088727853417156e-03 3.270880416028773552e-02 8.327704971874314310e+01
1.092175877977591414e-02 3.136914764821741031e-02 8.326440048053628118e+01
1.047166106723673717e-03 3.005219717872456564e-02 8.337114771339199137e+01
5.251474471720724013e-03 2.500028882034219246e-02 8.337399545281867574e+01
3.847115625060792965e-05 2.623195242837755847e-02 8.340128888705511656e+01
1.211603104996808455e-02 4.277466364088935991e-02 8.315654612448133776e+01
2.072397039991402679e-03 2.500028882034219246e-02 8.338804493420347796e+01
1.092175877977591414e-02 3.687003810486008670e-02 8.319868479355939428e+01
3.847115625060792965e-05 1.913291493954377698e-02 8.348375438911050139e+01
8.594986943022242531e-03 3.407175904648099274e-02 8.324284937339182022e+01
1.456913084820060655e-02 4.589252665757773131e-02 8.311321051215153943e+01
2.892303936068818526e-03 1.267439211135662491e-02 8.361884833526531224e+01
6.347088727853417156e-03 2.875738033056773890e-02 8.331464379763524164e+01
1.582913210820188765e-02 4.277466364088935991e-02 8.311038700427502590e+01
2.072397039991402679e-03 2.378865226284399004e-02 8.340303493758696618e+01
8.594986943022242531e-03 3.545862542190572619e-02 8.323301460154182507e+01
9.540846750148990196e-04 1.476149745278096392e-02 8.357576453913634396e+01
1.211603104996808455e-02 3.545862542190572619e-02 8.320421087720436049e+01
5.251474471720724013e-03 3.005219717872456564e-02 8.330911529399665483e+01
6.347088727853417156e-03 3.005219717872456564e-02 8.329957748138623685e+01
2.892303936068818526e-03 1.165420256013799394e-02 8.364572622759948217e+01
3.847115625060792965e-05 2.748414376321353658e-02 8.339577131077166428e+01
3.847115625060792965e-05 2.500028882034219246e-02 8.340925457758220318e+01
4.174120453190210966e-03 3.407175904648099274e-02 8.330638797079967617e+01
1.047166106723673717e-03 2.026913654820630684e-02 8.346179039582516168e+01
6.347088727853417156e-03 3.687003810486008670e-02 8.326329484578980100e+01
9.748256462108834119e-03 3.270880416028773552e-02 8.324837642647591451e+01
3.847115625060792965e-05 2.378865226284399004e-02 8.341960786656440519e+01
1.582913210820188765e-02 3.830665458572435345e-02 8.315604799408438907e+01
3.847115625060792965e-05 1.476149745278096392e-02 8.358174433937151093e+01
3.847115625060792965e-05 2.142353770260746471e-02 8.344724500503778586e+01
9.540846750148990196e-04 1.691331923890063149e-02 8.352705501362235907e+01
1.456913084820060655e-02 3.976915604822581218e-02 8.314483393511494569e+01
5.251474471720724013e-03 3.270880416028773552e-02 8.329163314480337021e+01
6.347088727853417156e-03 3.407175904648099274e-02 8.326972247008629324e+01
9.748256462108834119e-03 3.830665458572435345e-02 8.320403462454733301e+01
2.072397039991402679e-03 2.142353770260746471e-02 8.343983236600574571e+01
5.251474471720724013e-03 2.748414376321353658e-02 8.333673791145915288e+01
1.211603104996808455e-02 4.431916059823037823e-02 8.315587306114919386e+01
2.072397039991402679e-03 2.875738033056773890e-02 8.335740678225954525e+01
6.347088727853417156e-03 3.136914764821741031e-02 8.328702414399049303e+01
1.092175877977591414e-02 3.407175904648099274e-02 8.322629236640429440e+01
4.174120453190210966e-03 3.005219717872456564e-02 8.332110183361606914e+01
4.174120453190210966e-03 3.136914764821741031e-02 8.331355087075941412e+01
3.114573939098252975e-03 3.270880416028773552e-02 8.332795902888994988e+01
1.711225265737748025e-02 3.976915604822581218e-02 8.313405469249569535e+01
9.540846750148990196e-04 1.267439211135662491e-02 8.363223118576934212e+01
1.047166106723673717e-03 1.913291493954377698e-02 8.348336286758204494e+01
3.114573939098252975e-03 2.748414376321353658e-02 8.335330501740155285e+01
4.174120453190210966e-03 3.270880416028773552e-02 8.330862310371841772e+01
8.594986943022242531e-03 3.687003810486008670e-02 8.322592301457828512e+01
7.461431432808890429e-03 2.748414376321353658e-02 8.333013665735842324e+01
6.591195655637330231e-03 1.064912692819669493e-02 8.365833018604128313e+01
1.092175877977591414e-02 4.125824844640912925e-02 8.317823427824494331e+01
7.461431432808890429e-03 3.005219717872456564e-02 8.329255216459090150e+01
1.211603104996808455e-02 3.270880416028773552e-02 8.324250301765377458e+01
1.047166106723673717e-03 3.136914764821741031e-02 8.337094730438639090e+01
3.114573939098252975e-03 3.005219717872456564e-02 8.333547547259991006e+01
4.174120453190210966e-03 2.875738033056773890e-02 8.333120892526176249e+01
8.594986943022242531e-03 3.136914764821741031e-02 8.327046303352128120e+01
6.347088727853417156e-03 2.623195242837755847e-02 8.335206270183198285e+01
4.770423375074536732e-03 1.267439211135662491e-02 8.361454025940855672e+01
9.748256462108834119e-03 3.976915604822581218e-02 8.319993543916072554e+01
4.174120453190210966e-03 2.378865226284399004e-02 8.339593474917488436e+01
2.072397039991402679e-03 3.136914764821741031e-02 8.334954576444398811e+01
1.456913084820060655e-02 4.125824844640912925e-02 8.313245746327403651e+01
7.461431432808890429e-03 3.545862542190572619e-02 8.324781902963866287e+01
1.047166106723673717e-03 2.623195242837755847e-02 8.338721050727410500e+01
4.174120453190210966e-03 2.623195242837755847e-02 8.335883448567884102e+01
1.047166106723673717e-03 2.378865226284399004e-02 8.341016661541956978e+01
3.114573939098252975e-03 2.500028882034219246e-02 8.338093350068142229e+01
2.072397039991402679e-03 2.623195242837755847e-02 8.337540355080274423e+01
7.461431432808890429e-03 3.270880416028773552e-02 8.326493549643886638e+01
1.456913084820060655e-02 4.277466364088935991e-02 8.312300584638155954e+01
1.047166106723673717e-03 2.142353770260746471e-02 8.344236482508040353e+01
7.461431432808890429e-03 2.875738033056773890e-02 8.331013028616109750e+01
3.114573939098252975e-03 2.378865226284399004e-02 8.339827095292208980e+01
2.892303936068818526e-03 1.476149745278096392e-02 8.357078136037908678e+01
5.251474471720724013e-03 3.407175904648099274e-02 8.328686250306444094e+01
7.461431432808890429e-03 3.136914764821741031e-02 8.327746544587479605e+01
7.461431432808890429e-03 3.687003810486008670e-02 8.324337521859892775e+01
3.114573939098252975e-03 2.142353770260746471e-02 8.343970670685276048e+01
9.748256462108834119e-03 3.407175904648099274e-02 8.323324718167316405e+01
1.456913084820060655e-02 3.687003810486008670e-02 8.317804610780673613e+01
3.114573939098252975e-03 2.875738033056773890e-02 8.334313406553522441e+01
9.748256462108834119e-03 3.687003810486008670e-02 8.321100362985100674e+01
5.251474471720724013e-03 2.875738033056773890e-02 8.332169144991362941e+01
7.461431432808890429e-03 3.407175904648099274e-02 8.325502999378974778e+01
1.047166106723673717e-03 2.875738033056773890e-02 8.337396897116687455e+01
1.211603104996808455e-02 3.687003810486008670e-02 8.318903667288164172e+01
5.251474471720724013e-03 3.136914764821741031e-02 8.329907369223923297e+01
5.251474471720724013e-03 2.623195242837755847e-02 8.335419258717058710e+01
1.211603104996808455e-02 3.976915604822581218e-02 8.316699531920613708e+01
1.211603104996808455e-02 3.407175904648099274e-02 8.322205635725185857e+01
3.114573939098252975e-03 3.136914764821741031e-02 8.333039458242173225e+01
3.114573939098252975e-03 2.623195242837755847e-02 8.336592517825847892e+01
1.711225265737748025e-02 4.277466364088935991e-02 8.310063898402975724e+01
9.748256462108834119e-03 3.136914764821741031e-02 8.326608465629909972e+01
4.174120453190210966e-03 2.748414376321353658e-02 8.334380734951689362e+01
