7.166370849072345450e-02 1.210670314637482814e-01 5.526225690137113133e+01
6.644518272425248284e-02 1.175148859678687707e-01 5.531273365648240770e+01
6.149774920539038958e-02 1.107107762856207045e-01 5.534910869455005411e+01
5.680081864950867199e-02 1.042794945311670274e-01 5.538585307028522209e+01
5.233583528157170761e-02 9.819121447028422711e-02 5.542293034455025236e+01
4.808603183498111333e-02 9.241920869827846552e-02 5.546030869381189632e+01
4.403621913881833327e-02 8.693945638308311907e-02 5.549796022446052035e+01
2.965632449274543947e-03 1.282275456082060394e-03 5.653405051832928763e+01
4.017260472753655942e-02 8.173030912049000785e-02 5.553586040315606454e+01
3.830665458572435345e-02 7.922102476838721596e-02 5.555489686900898505e+01
2.026913654820630684e-02 3.622540250447228716e-02 5.588586983853484469e+01
1.930885651815886228e-03 5.167958656330740030e-03 5.642237391302601424e+01
1.925947325340654492e-04 7.202588048586949787e-03 5.638478002340328032e+01
1.154506849434518145e-02 5.742176284811995046e-04 5.651374693008604311e+01
3.648263590777309218e-02 7.677220509946763860e-02 5.557398758128332616e+01
9.745293466223700629e-03 1.282275456082060394e-03 5.647377869922356552e+01
3.295486351964757588e-02 7.204742362061103411e-02 5.561232259615123041e+01
2.957882327724789540e-02 6.753987347411566367e-02 5.565084843509541912e+01
2.634493209768606903e-02 6.323490985105828521e-02 5.568954995139087316e+01
9.480340712681500914e-03 3.936768505851953592e-02 5.592532598849204817e+01
7.886989168895006119e-03 3.195455352387716053e-03 5.643389271403312080e+01
5.967253324547186488e-03 5.167958656330740030e-03 5.639409323705929467e+01
1.741170794820345868e-02 3.469915097822073857e-02 5.590418216112325211e+01
2.324439725542579160e-02 5.911917539824515511e-02 5.572841362303515922e+01
9.745293466223700629e-03 5.742176284811995046e-04 5.652189511512315079e+01
2.026913654820630684e-02 5.518046178211219455e-02 5.576742734716234651e+01
2.026913654820630684e-02 4.431916059823037823e-02 5.579687310986570026e+01
1.741170794820345868e-02 5.140758873929007766e-02 5.580658026419489204e+01
1.925947325340654492e-04 5.742176284811995046e-04 5.666272133720642756e+01
2.026913654820630684e-02 4.779029808998641604e-02 5.577699529242679688e+01
1.741170794820345868e-02 4.431916059823037823e-02 5.581780294601189496e+01
1.282275456082060394e-03 2.477851605758582543e-02 5.608375264501788848e+01
1.925947325340654492e-04 4.174120453190210966e-03 5.648030356253595130e+01
1.282275456082060394e-03 3.173223212345141486e-02 5.606388497654404546e+01
4.669120948190719211e-03 3.471017007983384639e-04 5.672788054937149127e+01
3.982988544254911778e-03 6.177325581395359810e-03 5.637894256077497346e+01
1.930885651815886228e-03 3.195455352387716053e-03 5.648365395145216183e+01
3.982988544254911778e-03 5.742176284811995046e-04 5.658501161342313424e+01
8.782983923320691888e-04 5.742176284811995046e-04 5.664041151607580105e+01
1.925947325340654492e-04 1.258101410598552738e-02 5.625128017421585724e+01
1.333162961069939145e-02 3.028997990238299631e-02 5.596479868467248764e+01
8.782983923320691888e-04 1.282275456082060394e-03 5.656706158203451196e+01
1.073988173593262707e-02 3.622540250447228716e-02 5.591995248548405328e+01
1.466524744917158118e-02 4.431916059823037823e-02 5.584743545410428567e+01
1.925947325340654492e-04 6.177325581395359810e-03 5.641539664460210446e+01
5.967253324547186488e-03 5.742176284811995046e-04 5.655720403465316792e+01
1.930885651815886228e-03 1.282275456082060394e-03 5.654961805634523131e+01
7.886989168895006119e-03 1.282275456082060394e-03 5.648273189848517006e+01
5.967253324547186488e-03 3.195455352387716053e-03 5.644369043040910583e+01
2.965632449274543947e-03 9.302325581395348708e-03 5.631114059992636101e+01
5.967253324547186488e-03 6.177325581395359810e-03 5.637118319157671920e+01
2.965632449274543947e-03 5.167958656330740030e-03 5.641268954060525687e+01
1.282275456082060394e-03 2.216782265741873426e-02 5.610489970625261691e+01
1.925947325340654492e-04 3.195455352387716053e-03 5.651453733855495187e+01
9.480340712681500914e-03 4.098549389822703226e-02 5.592478120025576516e+01
3.982988544254911778e-03 9.302325581395348708e-03 5.630922534837081628e+01
1.930885651815886228e-03 5.742176284811995046e-04 5.662005655549741334e+01
3.520012656225285363e-03 3.173223212345141486e-02 5.602565806070087007e+01
1.328903654485050212e-02 5.742176284811995046e-04 5.651153889292284305e+01
1.466524744917158118e-02 4.779029808998641604e-02 5.584586260691528281e+01
1.154506849434518145e-02 1.282275456082060394e-03 5.647096532214534648e+01
1.925947325340654492e-04 3.028997990238299631e-02 5.608361666749969032e+01
1.202341401676951249e-02 4.431916059823037823e-02 5.588526557050058585e+01
7.030591199569224958e-03 3.622540250447228716e-02 5.596540432410604637e+01
9.745293466223700629e-03 3.195455352387716053e-03 5.643044476089994532e+01
1.202341401676951249e-02 3.622540250447228716e-02 5.590867591097092060e+01
1.333162961069939145e-02 4.098549389822703226e-02 5.587218829622547389e+01
7.886989168895006119e-03 5.167958656330740030e-03 5.638997953478745018e+01
2.026913654820630684e-02 4.098549389822703226e-02 5.582600488789279325e+01
5.967253324547186488e-03 7.202588048586949787e-03 5.634957215722370449e+01
1.741170794820345868e-02 4.098549389822703226e-02 5.583788201119678263e+01
1.925947325340654492e-04 1.282275456082060394e-03 5.658643067155934148e+01
1.925947325340654492e-04 5.167958656330740030e-03 5.644724739224143661e+01
3.982988544254911778e-03 5.167958656330740030e-03 5.640477762671706330e+01
1.741170794820345868e-02 3.778128998268984184e-02 5.586684659793011321e+01
4.669120948190719211e-03 3.320169665057773334e-02 5.600555599867643508e+01
3.982988544254911778e-03 7.202588048586949787e-03 5.635438488201651808e+01
1.925947325340654492e-04 1.721193010116936484e-02 5.616999035068742785e+01
1.333162961069939145e-02 3.173223212345141486e-02 5.594552159115825418e+01
1.202341401676951249e-02 3.028997990238299631e-02 5.596588246834339486e+01
1.925947325340654492e-04 1.037759439859964328e-02 5.630063602108125309e+01
9.480340712681500914e-03 2.477851605758582543e-02 5.604620936048919333e+01
8.782983923320691888e-04 1.371003908001794391e-02 5.622787754430312646e+01
1.930885651815886228e-03 9.302325581395348708e-03 5.631477264954632034e+01
5.839122118191875099e-03 3.028997990238299631e-02 5.600179920714565185e+01
8.782983923320691888e-04 7.202588048586949787e-03 5.637447167858297092e+01
4.669120948190719211e-03 1.964715316760223818e-02 5.612680019299442336e+01
1.925947325340654492e-04 1.147034726161214047e-02 5.627526196730093488e+01
8.782983923320691888e-04 1.258101410598552738e-02 5.624882521853179185e+01
1.202341401676951249e-02 4.098549389822703226e-02 5.588776601823703061e+01
1.930885651815886228e-03 7.202588048586949787e-03 5.636600098131756198e+01
1.282275456082060394e-03 1.964715316760223818e-02 5.613299792006181121e+01
3.520012656225285363e-03 3.028997990238299631e-02 5.602936719386860887e+01
8.782983923320691888e-04 1.147034726161214047e-02 5.627121250469586045e+01
5.839122118191875099e-03 3.173223212345141486e-02 5.599430563676494188e+01
1.282275456082060394e-03 2.887419102482041700e-02 5.606591227933015631e+01
1.930885651815886228e-03 1.147034726161214047e-02 5.626894205633603718e+01
2.965632449274543947e-03 1.147034726161214047e-02 5.626840481480302003e+01
1.925947325340654492e-04 9.302325581395348708e-03 5.632736862567551128e+01
1.282275456082060394e-03 1.721193010116936484e-02 5.616769012101580927e+01
1.925947325340654492e-04 2.748414376321353658e-02 5.608606355657889253e+01
8.244124523194285015e-03 2.748414376321353658e-02 5.601001810337227482e+01
8.244124523194285015e-03 2.611914239821216954e-02 5.602702193921808060e+01
1.333162961069939145e-02 3.469915097822073857e-02 5.591278108042551764e+01
1.282275456082060394e-03 2.748414376321353658e-02 5.606994027786114287e+01
8.782983923320691888e-04 1.485788113695091228e-02 5.620840581465503050e+01
5.839122118191875099e-03 2.216782265741873426e-02 5.608639001704765548e+01
1.466524744917158118e-02 3.778128998268984184e-02 5.587890988709506246e+01
1.333162961069939145e-02 3.936768505851953592e-02 5.587907088481971130e+01
4.669120948190719211e-03 3.469915097822073857e-02 5.600412231926162576e+01
4.669120948190719211e-03 2.216782265741873426e-02 5.608824292804793288e+01
7.030591199569224958e-03 3.778128998268984184e-02 5.596440229434328018e+01
1.925947325340654492e-04 2.216782265741873426e-02 5.611398830599492982e+01
7.030591199569224958e-03 2.477851605758582543e-02 5.604742010238165761e+01
5.839122118191875099e-03 2.477851605758582543e-02 5.605098553788108262e+01
8.244124523194285015e-03 3.469915097822073857e-02 5.595356089119088949e+01
3.520012656225285363e-03 1.964715316760223818e-02 5.612701756709923018e+01
8.244124523194285015e-03 3.028997990238299631e-02 5.598156219743210471e+01
1.073988173593262707e-02 2.887419102482041700e-02 5.598625294427832699e+01
3.520012656225285363e-03 1.841913469820447014e-02 5.614698680288015709e+01
1.073988173593262707e-02 3.778128998268984184e-02 5.591285456622689765e+01
8.244124523194285015e-03 3.320169665057773334e-02 5.596086217371159677e+01
7.030591199569224958e-03 2.748414376321353658e-02 5.601537736847414806e+01
1.073988173593262707e-02 3.469915097822073857e-02 5.592918373378152808e+01
2.391242564117629366e-03 2.748414376321353658e-02 5.605549156918927167e+01
8.244124523194285015e-03 2.887419102482041700e-02 5.599484767391785311e+01
1.466524744917158118e-02 3.173223212345141486e-02 5.594457910950670509e+01
1.282275456082060394e-03 2.346161761679357860e-02 5.609343395621918660e+01
2.391242564117629366e-03 1.964715316760223818e-02 5.612910005873214914e+01
1.930885651815886228e-03 1.258101410598552738e-02 5.624813461588146168e+01
1.073988173593262707e-02 3.173223212345141486e-02 5.595380388521740400e+01
1.202341401676951249e-02 2.887419102482041700e-02 5.598503184490932938e+01
2.391242564117629366e-03 3.173223212345141486e-02 5.604393533619779788e+01
1.202341401676951249e-02 3.320169665057773334e-02 5.593328984558661432e+01
4.669120948190719211e-03 3.028997990238299631e-02 5.601469194636165128e+01
9.480340712681500914e-03 3.778128998268984184e-02 5.592815546416121464e+01
1.466524744917158118e-02 3.622540250447228716e-02 5.589227761954945350e+01
1.282275456082060394e-03 1.841913469820447014e-02 5.614954112730499958e+01
1.925947325340654492e-04 1.371003908001794391e-02 5.622872548095456580e+01
3.520012656225285363e-03 2.346161761679357860e-02 5.607699734488973320e+01
3.520012656225285363e-03 2.887419102482041700e-02 5.603508731261215559e+01
1.466524744917158118e-02 4.098549389822703226e-02 5.585864086819022134e+01
1.282275456082060394e-03 2.611914239821216954e-02 5.607590455693925691e+01
1.282275456082060394e-03 1.602501465702560468e-02 5.618740401059601197e+01
5.839122118191875099e-03 2.748414376321353658e-02 5.602265601345668244e+01
9.480340712681500914e-03 2.611914239821216954e-02 5.602553757259032352e+01
3.520012656225285363e-03 2.611914239821216954e-02 5.605234049359825121e+01
3.520012656225285363e-03 2.089652847994608043e-02 5.610866727903311357e+01
1.925947325340654492e-04 2.477851605758582543e-02 5.609632612349836478e+01
5.839122118191875099e-03 2.089652847994608043e-02 5.610662874179579518e+01
2.391242564117629366e-03 3.028997990238299631e-02 5.604577697080240029e+01
2.391242564117629366e-03 2.216782265741873426e-02 5.609754755386829572e+01
1.466524744917158118e-02 3.469915097822073857e-02 5.590771763120085325e+01
5.839122118191875099e-03 2.887419102482041700e-02 5.601126750201437687e+01
7.030591199569224958e-03 2.346161761679357860e-02 5.606609374671268142e+01
3.520012656225285363e-03 2.748414376321353658e-02 5.604276290572104102e+01
1.925947325340654492e-04 1.602501465702560468e-02 5.618804268575743066e+01
2.391242564117629366e-03 2.477851605758582543e-02 5.607288467784766084e+01
9.480340712681500914e-03 3.320169665057773334e-02 5.594969683253926718e+01
1.202341401676951249e-02 3.778128998268984184e-02 5.589950812517538736e+01
5.839122118191875099e-03 2.611914239821216954e-02 5.603591222836642771e+01
7.030591199569224958e-03 3.469915097822073857e-02 5.596860071792660563e+01
4.669120948190719211e-03 3.173223212345141486e-02 5.600909898492083272e+01
1.925947325340654492e-04 2.346161761679357860e-02 5.610425709857152299e+01
9.480340712681500914e-03 3.622540250447228716e-02 5.593320282755662731e+01
3.520012656225285363e-03 2.216782265741873426e-02 5.609197900163657380e+01
3.520012656225285363e-03 2.477851605758582543e-02 5.606376853602184696e+01
7.030591199569224958e-03 3.320169665057773334e-02 5.597392855773173181e+01
9.480340712681500914e-03 2.748414376321353658e-02 5.600663282854670655e+01
2.391242564117629366e-03 2.611914239821216954e-02 5.606325455729635365e+01
5.839122118191875099e-03 2.346161761679357860e-02 5.606782715170957943e+01
1.925947325340654492e-04 2.887419102482041700e-02 5.608383593668320088e+01
1.282275456082060394e-03 2.089652847994608043e-02 5.611810283279545786e+01
1.202341401676951249e-02 3.469915097822073857e-02 5.591995667755875132e+01
1.202341401676951249e-02 3.173223212345141486e-02 5.594861713734864850e+01
7.030591199569224958e-03 3.028997990238299631e-02 5.599073874391507388e+01
1.925947325340654492e-04 1.841913469820447014e-02 5.615351675756748051e+01
9.480340712681500914e-03 3.173223212345141486e-02 5.596102232283878664e+01
4.669120948190719211e-03 2.748414376321353658e-02 5.603180142691628873e+01
1.925947325340654492e-04 1.964715316760223818e-02 5.613866315964583009e+01
4.669120948190719211e-03 2.477851605758582543e-02 5.605645222857492627e+01
4.669120948190719211e-03 2.089652847994608043e-02 5.610669804369452862e+01
1.925947325340654492e-04 2.089652847994608043e-02 5.612547226591171068e+01
2.391242564117629366e-03 1.841913469820447014e-02 5.614734833883419185e+01
2.391242564117629366e-03 2.089652847994608043e-02 5.611248531312512711e+01
7.030591199569224958e-03 2.611914239821216954e-02 5.603049852917844476e+01
9.480340712681500914e-03 2.887419102482041700e-02 5.598954434010833126e+01
8.244124523194285015e-03 3.173223212345141486e-02 5.597021517849616146e+01
7.030591199569224958e-03 3.173223212345141486e-02 5.598132731615967117e+01
9.480340712681500914e-03 3.028997990238299631e-02 5.597432317057264584e+01
1.925947325340654492e-04 2.611914239821216954e-02 5.609024459791629624e+01
4.669120948190719211e-03 2.887419102482041700e-02 5.602227776354909849e+01
4.669120948190719211e-03 2.611914239821216954e-02 5.604320994010716817e+01
7.030591199569224958e-03 2.887419102482041700e-02 5.600210676343746030e+01
2.391242564117629366e-03 2.887419102482041700e-02 5.604964771941481416e+01
4.669120948190719211e-03 2.346161761679357860e-02 5.607147905311835245e+01
2.391242564117629366e-03 2.346161761679357860e-02 5.608433179384905998e+01
9.480340712681500914e-03 3.469915097822073857e-02 5.594040386659369091e+01
