3.963511336099165283e-02 1.032417195207892824e-01 7.400766714082875808e+01
7.480891201821437964e-03 4.918057367339911945e-03 7.476597853499238511e+01
1.007089379182402045e-02 4.009965359457662304e-03 7.477777602764250275e+01
3.791231208611869907e-02 1.004358833816198227e-01 7.401952388985149867e+01
3.457327456368453067e-02 9.502704263141359409e-02 7.404424564525143637e+01
3.136914764821741031e-02 8.987273556357003312e-02 7.407021294361949515e+01
3.847115625060792965e-05 5.019934933920278120e-04 7.511074876924972443e+01
2.829191684821433239e-02 8.495540813102961386e-02 7.409731851235763145e+01
8.357207867611779473e-03 3.451697803857206592e-04 7.494042730032269617e+01
9.748256462108834119e-03 3.976915604822581218e-02 7.418523456727048426e+01
1.211603104996808455e-02 3.830665458572435345e-02 7.416019982878337657e+01
2.829191684821433239e-02 4.277466364088935991e-02 7.410346337960911001e+01
1.211603104996808455e-02 4.589252665757773131e-02 7.414465199232265036e+01
1.975044444072915351e-02 3.976915604822581218e-02 7.411229547456231614e+01
1.711225265737748025e-02 3.687003810486008670e-02 7.415494626934878397e+01
4.770423375074536732e-03 5.019934933920278120e-04 7.497554041322413809e+01
1.211603104996808455e-02 3.976915604822581218e-02 7.415163422956581485e+01
6.347088727853417156e-03 3.270880416028773552e-02 7.425983933564707229e+01
9.748256462108834119e-03 3.687003810486008670e-02 7.419490181294011677e+01
1.456913084820060655e-02 3.407175904648099274e-02 7.419764907166100443e+01
6.347088727853417156e-03 3.407175904648099274e-02 7.425336331820842872e+01
8.594986943022242531e-03 3.407175904648099274e-02 7.422531414684343076e+01
4.174120453190210966e-03 3.407175904648099274e-02 7.429037874149774723e+01
9.748256462108834119e-03 3.270880416028773552e-02 7.422841853549525126e+01
7.461431432808890429e-03 3.830665458572435345e-02 7.422674993504300289e+01
1.211603104996808455e-02 3.136914764821741031e-02 7.424040091168266997e+01
8.594986943022242531e-03 3.687003810486008670e-02 7.421028315462316982e+01
1.173454509051181927e-02 3.451697803857206592e-04 7.489709818943431685e+01
9.748256462108834119e-03 3.407175904648099274e-02 7.421480030169588815e+01
5.251474471720724013e-03 3.687003810486008670e-02 7.427010439026014410e+01
5.251474471720724013e-03 3.270880416028773552e-02 7.427491448903404603e+01
3.114573939098252975e-03 3.407175904648099274e-02 7.431210787273961671e+01
8.357207867611779473e-03 1.360841777842569655e-03 7.487475555494386015e+01
5.251474471720724013e-03 3.005219717872456564e-02 7.429045590109713260e+01
1.644628478259962945e-02 3.451697803857206592e-04 7.488614535896032010e+01
1.492026034331823958e-02 1.360841777842569655e-03 7.484288832362743449e+01
1.007089379182402045e-02 3.451697803857206592e-04 7.491494396463720307e+01
6.591195655637330231e-03 3.451697803857206592e-04 7.497390237813797853e+01
1.335032153168341784e-02 3.114573939098252975e-03 7.479965593765571441e+01
1.173454509051181927e-02 5.019934933920278120e-04 7.487005072393820626e+01
5.687812485665799667e-03 1.360841777842569655e-03 7.491806090385350103e+01
1.007089379182402045e-02 1.360841777842569655e-03 7.485581427964271484e+01
8.357207867611779473e-03 3.114573939098252975e-03 7.481464258330768757e+01
4.174120453190210966e-03 3.136914764821741031e-02 7.429647282545873566e+01
3.847115625060792965e-05 3.451697803857206592e-04 7.515965755096844703e+01
5.251474471720724013e-03 3.407175904648099274e-02 7.427077891440355017e+01
1.930885651815886228e-03 3.451697803857206592e-04 7.509508409575219900e+01
4.770423375074536732e-03 3.451697803857206592e-04 7.501574565245960002e+01
3.114573939098252975e-03 3.005219717872456564e-02 7.431803816603699886e+01
1.173454509051181927e-02 4.918057367339911945e-03 7.475644910476005123e+01
1.007089379182402045e-02 5.839122118191875099e-03 7.473321351418728398e+01
1.930885651815886228e-03 3.114573939098252975e-03 7.492140767206463181e+01
2.892303936068818526e-03 1.360841777842569655e-03 7.498037882322330461e+01
7.461431432808890429e-03 3.407175904648099274e-02 7.423818878721085923e+01
2.892303936068818526e-03 3.451697803857206592e-04 7.506635763049014543e+01
9.540846750148990196e-04 1.360841777842569655e-03 7.503317164826698615e+01
9.748256462108834119e-03 3.136914764821741031e-02 7.424439796821710047e+01
1.047166106723673717e-03 2.748414376321353658e-02 7.436118924688123855e+01
3.847115625060792965e-05 2.259655823046671785e-02 7.441046563610409237e+01
1.930885651815886228e-03 1.360841777842569655e-03 7.500561430051286038e+01
9.540846750148990196e-04 5.839122118191875099e-03 7.482402464032631428e+01
9.540846750148990196e-04 3.114573939098252975e-03 7.494539939782633553e+01
5.251474471720724013e-03 3.136914764821741031e-02 7.428149448643853248e+01
9.540846750148990196e-04 3.451697803857206592e-04 7.512616482592764555e+01
7.461431432808890429e-03 3.005219717872456564e-02 7.427184407038249958e+01
3.847115625060792965e-05 3.114573939098252975e-03 7.497173673875006727e+01
1.047166106723673717e-03 3.136914764821741031e-02 7.435419504593406259e+01
9.540846750148990196e-04 2.231618510688287982e-03 7.498861917906738483e+01
5.687812485665799667e-03 9.658831820254537570e-03 7.464816235203306860e+01
2.892303936068818526e-03 1.371003908001794391e-02 7.456172897488450246e+01
2.892303936068818526e-03 4.009965359457662304e-03 7.486142899041044529e+01
6.591195655637330231e-03 4.009965359457662304e-03 7.480343029378778397e+01
4.770423375074536732e-03 1.360841777842569655e-03 7.493665468925264861e+01
4.770423375074536732e-03 4.009965359457662304e-03 7.482819612412495758e+01
6.591195655637330231e-03 2.231618510688287982e-03 7.486745518760122309e+01
4.174120453190210966e-03 2.875738033056773890e-02 7.431217581502075120e+01
4.770423375074536732e-03 7.721297913411168112e-03 7.470383517839896115e+01
3.847115625060792965e-05 4.918057367339911945e-03 7.488576692339078988e+01
6.591195655637330231e-03 1.360841777842569655e-03 7.490157859929817619e+01
2.072397039991402679e-03 2.026913654820630684e-02 7.443332331601094154e+01
9.540846750148990196e-04 4.009965359457662304e-03 7.490354073916989819e+01
3.847115625060792965e-05 1.165420256013799394e-02 7.463093641831861191e+01
1.930885651815886228e-03 1.371003908001794391e-02 7.456315672052645027e+01
1.930885651815886228e-03 7.721297913411168112e-03 7.473543454146457066e+01
1.047166106723673717e-03 1.801444679351657530e-02 7.447624789496909159e+01
3.847115625060792965e-05 7.721297913411168112e-03 7.476745854657396251e+01
3.847115625060792965e-05 1.801444679351657530e-02 7.447630193672706866e+01
4.174120453190210966e-03 2.378865226284399004e-02 7.437050896595890492e+01
3.114573939098252975e-03 2.259655823046671785e-02 7.439209547121024002e+01
1.930885651815886228e-03 1.165420256013799394e-02 7.461399533835678710e+01
1.930885651815886228e-03 5.839122118191875099e-03 7.480546454889517349e+01
3.838700059630287265e-03 9.658831820254537570e-03 7.465569130600174219e+01
3.838700059630287265e-03 7.721297913411168112e-03 7.471224613012107341e+01
5.687812485665799667e-03 6.773439599271957601e-03 7.472452302827532833e+01
2.892303936068818526e-03 3.114573939098252975e-03 7.489970541974126661e+01
6.347088727853417156e-03 2.623195242837755847e-02 7.432735577007370864e+01
4.174120453190210966e-03 2.500028882034219246e-02 7.435269954030242445e+01
5.687812485665799667e-03 4.918057367339911945e-03 7.478320538227576719e+01
2.072397039991402679e-03 2.875738033056773890e-02 7.433961035599180889e+01
1.047166106723673717e-03 2.259655823046671785e-02 7.440219214930708347e+01
3.114573939098252975e-03 3.136914764821741031e-02 7.431361809185753486e+01
5.687812485665799667e-03 7.721297913411168112e-03 7.469748025993803253e+01
3.847115625060792965e-05 1.582913210820188765e-02 7.452074402888629834e+01
3.847115625060792965e-05 1.371003908001794391e-02 7.457239771001255235e+01
1.047166106723673717e-03 2.875738033056773890e-02 7.435649882765319774e+01
2.072397039991402679e-03 2.748414376321353658e-02 7.434648681963501815e+01
3.114573939098252975e-03 2.875738033056773890e-02 7.432481829878281587e+01
9.540846750148990196e-04 7.721297913411168112e-03 7.475031523126709487e+01
4.770423375074536732e-03 5.839122118191875099e-03 7.476301835094878356e+01
1.047166106723673717e-03 2.500028882034219246e-02 7.437735326823256798e+01
7.461431432808890429e-03 2.875738033056773890e-02 7.428770508564535646e+01
3.847115625060792965e-05 9.658831820254537570e-03 7.469605305342169288e+01
3.114573939098252975e-03 2.748414376321353658e-02 7.433389869340196299e+01
9.540846750148990196e-04 2.026913654820630684e-02 7.444566483485527897e+01
5.251474471720724013e-03 2.259655823046671785e-02 7.439096574009258234e+01
5.251474471720724013e-03 2.875738033056773890e-02 7.430173787825768272e+01
8.357207867611779473e-03 4.918057367339911945e-03 7.476032729506034968e+01
8.357207867611779473e-03 6.773439599271957601e-03 7.471206252200974518e+01
6.591195655637330231e-03 3.114573939098252975e-03 7.483472914720684344e+01
2.892303936068818526e-03 1.165420256013799394e-02 7.460876656270825436e+01
1.930885651815886228e-03 1.064912692819669493e-02 7.464194039198002883e+01
5.687812485665799667e-03 1.064912692819669493e-02 7.462595861332853531e+01
3.847115625060792965e-05 2.623195242837755847e-02 7.438277469628447136e+01
4.770423375074536732e-03 3.114573939098252975e-03 7.486295359623930779e+01
7.480891201821437964e-03 6.773439599271957601e-03 7.471426958674781815e+01
3.838700059630287265e-03 1.267439211135662491e-02 7.458312800075506743e+01
9.540846750148990196e-04 1.582913210820188765e-02 7.451896484662293574e+01
6.591195655637330231e-03 6.773439599271957601e-03 7.471840804306154382e+01
2.892303936068818526e-03 7.721297913411168112e-03 7.472276232095683213e+01
2.072397039991402679e-03 2.623195242837755847e-02 7.435562451724656796e+01
3.838700059630287265e-03 1.064912692819669493e-02 7.462983092875849422e+01
3.847115625060792965e-05 1.913291493954377698e-02 7.445689299135393924e+01
4.770423375074536732e-03 9.658831820254537570e-03 7.465091389776434028e+01
4.770423375074536732e-03 4.918057367339911945e-03 7.479487401840489724e+01
7.461431432808890429e-03 3.136914764821741031e-02 7.425826411790679060e+01
9.540846750148990196e-04 1.165420256013799394e-02 7.462136776769298763e+01
8.594986943022242531e-03 2.875738033056773890e-02 7.428422997358019586e+01
3.838700059630287265e-03 6.773439599271957601e-03 7.474287028736941352e+01
3.847115625060792965e-05 2.378865226284399004e-02 7.439908492867719758e+01
9.540846750148990196e-04 4.918057367339911945e-03 7.486307245425557255e+01
4.174120453190210966e-03 2.623195242837755847e-02 7.433700485504121502e+01
1.047166106723673717e-03 2.623195242837755847e-02 7.436815966114501464e+01
1.930885651815886228e-03 4.918057367339911945e-03 7.484269040645878590e+01
2.072397039991402679e-03 2.142353770260746471e-02 7.441368839716315620e+01
3.838700059630287265e-03 1.165420256013799394e-02 7.460563053936280653e+01
6.591195655637330231e-03 8.682993575202024861e-03 7.466944909099547090e+01
3.847115625060792965e-05 6.773439599271957601e-03 7.480543388784249714e+01
9.748256462108834119e-03 2.875738033056773890e-02 7.428319907375573905e+01
3.847115625060792965e-05 1.064912692819669493e-02 7.466269096856009924e+01
2.072397039991402679e-03 2.259655823046671785e-02 7.439605089084604117e+01
2.892303936068818526e-03 4.918057367339911945e-03 7.482456543245083935e+01
3.838700059630287265e-03 4.918057367339911945e-03 7.480864393904428766e+01
4.770423375074536732e-03 1.165420256013799394e-02 7.460453796761332512e+01
3.847115625060792965e-05 2.142353770260746471e-02 7.442392705433557865e+01
7.461431432808890429e-03 2.623195242837755847e-02 7.432604107053201403e+01
3.847115625060792965e-05 8.682993575202024861e-03 7.473098709166765730e+01
3.847115625060792965e-05 1.691331923890063149e-02 7.449760032199837667e+01
2.892303936068818526e-03 6.773439599271957601e-03 7.475520016006568369e+01
1.930885651815886228e-03 1.476149745278096392e-02 7.454034116243217056e+01
1.930885651815886228e-03 6.773439599271957601e-03 7.476970188007688023e+01
5.251474471720724013e-03 2.378865226284399004e-02 7.436892462014206728e+01
2.892303936068818526e-03 9.658831820254537570e-03 7.466254306094269566e+01
2.072397039991402679e-03 2.378865226284399004e-02 7.438046013626455988e+01
3.838700059630287265e-03 8.682993575202024861e-03 7.468317492794911061e+01
2.892303936068818526e-03 1.267439211135662491e-02 7.458438619058226493e+01
5.687812485665799667e-03 8.682993575202024861e-03 7.467201497701077528e+01
9.540846750148990196e-04 6.773439599271957601e-03 7.478642827155795203e+01
4.770423375074536732e-03 8.682993575202024861e-03 7.467657447837356699e+01
1.930885651815886228e-03 8.682993575202024861e-03 7.470269562494134163e+01
9.540846750148990196e-04 1.476149745278096392e-02 7.454194252828669676e+01
2.892303936068818526e-03 5.839122118191875099e-03 7.478914533042994606e+01
5.251474471720724013e-03 2.623195242837755847e-02 7.433103031307517483e+01
1.047166106723673717e-03 2.142353770260746471e-02 7.441773288954517795e+01
3.114573939098252975e-03 2.500028882034219246e-02 7.435873103228188086e+01
9.540846750148990196e-04 1.371003908001794391e-02 7.456669570782635503e+01
1.047166106723673717e-03 2.026913654820630684e-02 7.443528761256698090e+01
3.847115625060792965e-05 1.476149745278096392e-02 7.454569030473082591e+01
9.540846750148990196e-04 1.267439211135662491e-02 7.459318388073310757e+01
9.540846750148990196e-04 8.682993575202024861e-03 7.471571834554978864e+01
3.114573939098252975e-03 2.378865226284399004e-02 7.437437308740933872e+01
9.540846750148990196e-04 9.658831820254537570e-03 7.468267141842548540e+01
2.892303936068818526e-03 8.682993575202024861e-03 7.469186517076772702e+01
3.847115625060792965e-05 1.267439211135662491e-02 7.460082606827435825e+01
6.591195655637330231e-03 4.918057367339911945e-03 7.477358929925928521e+01
1.047166106723673717e-03 1.913291493954377698e-02 7.445480815879977854e+01
1.047166106723673717e-03 2.378865226284399004e-02 7.438871514074342883e+01
4.770423375074536732e-03 1.064912692819669493e-02 7.462688938297557684e+01
3.114573939098252975e-03 2.623195242837755847e-02 7.434522156007236049e+01
3.114573939098252975e-03 2.142353770260746471e-02 7.441184762598477676e+01
9.540846750148990196e-04 1.064912692819669493e-02 7.465120926856604910e+01
4.770423375074536732e-03 6.773439599271957601e-03 7.473266109899402920e+01
1.930885651815886228e-03 1.267439211135662491e-02 7.458772131164276686e+01
2.892303936068818526e-03 1.064912692819669493e-02 7.463483137403113687e+01
