2.598099433783765400e-03 9.748256462108834119e-03 7.453090420810603689e+01
8.290267011197241520e-03 5.754845590047741322e-03 7.460563053936280653e+01
8.760920388827364569e-02 1.355406989320334654e-01 7.323392395988396686e+01
1.094081832587069647e-02 2.912819604456801104e-03 7.466944909099547090e+01
8.462835583700306641e-02 1.280168813469907962e-01 7.324981215701203041e+01
9.187482055699108807e-03 1.086289714436750042e-03 7.473266109899402920e+01
7.378922595915812788e-03 2.912819604456801104e-03 7.469186517076772702e+01
9.187482055699108807e-03 4.793468898625613539e-03 7.462688938297557684e+01
6.453112396264851225e-03 7.721297913411168112e-03 7.456315672052645027e+01
7.891166094415535959e-02 1.209169408089928177e-01 7.329229413324272002e+01
7.349985644559287046e-02 1.142060381086933418e-01 7.333484828794227894e+01
6.836918464825442188e-02 1.078530502190765128e-01 7.337746801718121503e+01
6.349829370141410467e-02 1.018300876743748473e-01 7.342014757143913073e+01
5.886794057910910150e-02 9.611208525851880347e-02 7.346288192584860610e+01
8.244124523194285015e-03 2.589402972932139391e-02 7.421901903732494077e+01
5.446073700486700475e-02 9.067645333233470550e-02 7.350566667286416589e+01
5.026093124588337790e-02 8.550277957126789508e-02 7.354849793303328909e+01
4.625422000455414739e-02 8.057257281072185973e-02 7.359137228046280654e+01
4.431916059823037823e-02 7.819346140883046137e-02 7.361282464972791217e+01
3.876915504822481262e-02 5.903535380412608391e-02 7.377342916353062208e+01
4.242758567294757643e-02 7.586904222307450096e-02 7.363428668027772517e+01
2.598099433783765400e-03 1.399521723080873747e-02 7.443332331601094154e+01
4.057804574600440417e-02 7.359745074608572968e-02 7.365575804520736369e+01
2.411714039621015715e-02 5.903535380412608391e-02 7.386957615347050421e+01
3.876915504822481262e-02 7.137690626857984277e-02 7.367723843591708999e+01
1.841913469820447014e-02 4.816012440475594958e-02 7.395250909469017131e+01
3.876915504822481262e-02 7.586904222307450096e-02 7.367717630814333063e+01
3.699958806126651956e-02 5.712841253791708929e-02 7.379446026646881762e+01
1.064912692819669493e-02 4.160046222735808152e-02 7.407890279259437705e+01
3.526807627832884151e-02 7.137690626857984277e-02 7.371905738488338500e+01
3.526807627832884151e-02 5.526078964833094909e-02 7.381551460457433222e+01
3.191441135137584872e-02 6.708222683955747390e-02 7.376104323931129159e+01
3.191441135137584872e-02 5.163873313519420916e-02 7.385768951744474009e+01
1.264142267814238885e-02 6.884237248026142675e-04 7.476032729506034968e+01
2.869904188532815259e-02 4.816012440475594958e-02 7.389994740635258097e+01
2.869904188532815259e-02 6.297226480533177351e-02 7.380312580132124367e+01
1.094081832587069647e-02 1.086289714436750042e-03 7.471840804306154382e+01
2.869904188532815259e-02 5.526078964833094909e-02 7.382407721812239743e+01
9.187482055699108807e-03 2.912819604456801104e-03 7.467657447837356699e+01
3.585358851004527558e-03 1.183855746545331433e-02 7.447624789496909159e+01
7.378922595915812788e-03 4.793468898625613539e-03 7.463483137403113687e+01
1.706246667486976953e-02 4.816012440475594958e-02 7.397228901567832793e+01
2.561358633710056343e-02 5.903535380412608391e-02 7.384529783942750214e+01
6.453112396264851225e-03 5.754845590047741322e-03 7.461399533835678710e+01
1.980214578995342922e-02 5.163873313519420916e-02 7.392988500902629312e+01
2.561358633710056343e-02 5.163873313519420916e-02 7.386745050514340960e+01
2.265032704820868492e-02 5.526078964833094909e-02 7.388755285802201911e+01
5.512489233419459733e-03 6.730679073822076752e-03 7.459318388073310757e+01
2.121227474624648446e-02 5.163873313519420916e-02 7.390968317918949992e+01
7.378922595915812788e-03 8.727040704749694511e-03 7.454083483114361286e+01
2.598099433783765400e-03 1.078530502190766516e-02 7.450374242685199988e+01
1.980214578995342922e-02 4.003790118981756518e-02 7.400467939717348997e+01
2.265032704820868492e-02 5.163873313519420916e-02 7.389248175965268217e+01
1.980214578995342922e-02 4.816012440475594958e-02 7.393561510687469251e+01
5.742176284811995046e-04 1.290839656165324034e-02 7.446188257047616332e+01
2.265032704820868492e-02 4.160046222735808152e-02 7.398468929065724353e+01
4.793468898625613539e-03 3.407175904648099274e-02 7.418441469121809462e+01
9.187482055699108807e-03 6.884237248026142675e-04 7.479487401840489724e+01
7.378922595915812788e-03 1.086289714436750042e-03 7.475520016006568369e+01
5.512489233419459733e-03 2.912819604456801104e-03 7.471571834554978864e+01
1.314320349634734431e-02 4.319307251562054528e-02 7.403601944151999703e+01
3.585358851004527558e-03 4.793468898625613539e-03 7.467644020485123235e+01
7.378922595915812788e-03 6.730679073822076752e-03 7.458438619058226493e+01
1.442520547063039227e-02 4.481660727549974244e-02 7.401476010658548432e+01
2.591341092633092646e-03 1.925947325340654492e-04 7.506017157837386833e+01
4.632343893629792264e-04 6.884237248026142675e-04 7.503599499664612438e+01
5.512489233419459733e-03 8.727040704749694511e-03 7.454194252828669676e+01
1.841913469820447014e-02 4.003790118981756518e-02 7.400656282545685372e+01
5.742176284811995046e-04 6.884237248026142675e-04 7.500084152608270927e+01
2.598099433783765400e-03 1.992936797526406734e-03 7.480875869022726476e+01
1.594521679088273247e-03 2.912819604456801104e-03 7.479083413588003282e+01
3.585358851004527558e-03 1.078530502190766516e-02 7.449956165405519926e+01
1.594521679088273247e-03 6.884237248026142675e-04 7.496830619631769821e+01
1.594521679088273247e-03 1.290839656165324034e-02 7.445724709351465265e+01
1.594521679088273247e-03 1.086289714436750042e-03 7.487669908088457760e+01
2.265032704820868492e-02 4.481660727549974244e-02 7.394181427330588008e+01
8.244124523194285015e-03 3.850454690064225582e-02 7.412104859892190234e+01
4.632343893629792264e-04 1.086289714436750042e-03 7.493669005286771778e+01
4.632343893629792264e-04 2.912819604456801104e-03 7.484303121893731259e+01
1.594521679088273247e-03 6.730679073822076752e-03 7.463737830789003169e+01
4.632343893629792264e-04 4.793468898625613539e-03 7.475527213456771847e+01
4.632343893629792264e-04 5.754845590047741322e-03 7.471368845552396465e+01
4.632343893629792264e-04 8.727040704749694511e-03 7.459854625741763812e+01
4.632343893629792264e-04 6.730679073822076752e-03 7.467368189687447000e+01
5.742176284811995046e-04 1.078530502190766516e-02 7.451898739081850920e+01
1.841913469820447014e-02 4.319307251562054528e-02 7.397592808397341457e+01
1.706246667486976953e-02 4.319307251562054528e-02 7.398670095441470096e+01
5.742176284811995046e-04 1.622144666601432750e-02 7.439038131533935427e+01
3.682913065431114852e-03 2.335292739913055748e-02 7.426604922614306759e+01
5.512489233419459733e-03 1.078530502190766516e-02 7.449780444073269337e+01
3.585358851004527558e-03 1.290839656165324034e-02 7.445480815879977854e+01
5.742176284811995046e-04 1.852066723024306527e-02 7.435269954030242445e+01
1.594521679088273247e-03 1.509942703067071457e-02 7.441184762598477676e+01
2.598099433783765400e-03 1.290839656165324034e-02 7.445490788439842333e+01
4.793468898625613539e-03 2.335292739913055748e-02 7.426267774134497301e+01
1.064912692819669493e-02 3.850454690064225582e-02 7.408123378923666280e+01
1.314320349634734431e-02 3.264740979604477400e-02 7.411202785765158296e+01
4.632343893629792264e-04 1.078530502190766516e-02 7.453016893229475670e+01
3.585358851004527558e-03 8.727040704749694511e-03 7.455163756345412196e+01
1.314320349634734431e-02 3.699958806126651956e-02 7.406275558407430992e+01
1.518270339712995964e-03 1.852066723024306527e-02 7.434747778639214744e+01
1.594521679088273247e-03 1.078530502190766516e-02 7.451019844226782141e+01
1.442520547063039227e-02 3.699958806126651956e-02 7.405484025466492426e+01
2.591341092633092646e-03 2.335292739913055748e-02 7.427184407038249958e+01
2.591341092633092646e-03 2.089652847994608043e-02 7.430578937030553277e+01
4.632343893629792264e-04 1.290839656165324034e-02 7.446887303794417790e+01
4.632343893629792264e-04 2.852429354478208667e-02 7.426915301478334186e+01
1.064912692819669493e-02 2.852429354478208667e-02 7.417629136146001656e+01
1.064912692819669493e-02 2.987434045891235179e-02 7.415503021147878826e+01
1.706246667486976953e-02 4.481660727549974244e-02 7.397877338019902993e+01
2.265032704820868492e-02 4.816012440475594958e-02 7.391083394353468350e+01
3.682913065431114852e-03 2.852429354478208667e-02 7.421654291916991042e+01
1.594521679088273247e-03 1.399521723080873747e-02 7.443358062222043259e+01
8.244124523194285015e-03 2.852429354478208667e-02 7.417947260135919407e+01
4.632343893629792264e-04 1.969878024662471971e-02 7.433103031307517483e+01
4.632343893629792264e-04 1.509942703067071457e-02 7.441500266696382937e+01
7.073548131378976089e-03 3.699958806126651956e-02 7.414215161274910315e+01
1.518270339712995964e-03 1.969878024662471971e-02 7.432735577007370864e+01
4.632343893629792264e-04 1.736171052307086682e-02 7.436892462014206728e+01
4.632343893629792264e-04 2.335292739913055748e-02 7.429045590109713260e+01
1.980214578995342922e-02 4.481660727549974244e-02 7.395422750998791628e+01
1.518270339712995964e-03 2.589402972932139391e-02 7.425983933564707229e+01
2.591341092633092646e-03 3.124849535365206710e-02 7.422674993504300289e+01
1.706246667486976953e-02 4.160046222735808152e-02 7.399763118126615780e+01
1.064912692819669493e-02 3.124849535365206710e-02 7.413621355571194727e+01
1.314320349634734431e-02 3.407175904648099274e-02 7.409297501166247457e+01
8.244124523194285015e-03 3.124849535365206710e-02 7.414962327241661910e+01
9.435792381528806949e-03 3.699958806126651956e-02 7.410272089524254113e+01
1.841913469820447014e-02 3.850454690064225582e-02 7.402613007687610036e+01
1.518270339712995964e-03 2.211440693567620630e-02 7.429356135474429834e+01
1.518270339712995964e-03 2.987434045891235179e-02 7.424794325123286853e+01
1.314320349634734431e-02 3.850454690064225582e-02 7.405173872373208610e+01
1.706246667486976953e-02 4.003790118981756518e-02 7.401147770926941405e+01
1.518270339712995964e-03 2.852429354478208667e-02 7.424937561535081443e+01
1.706246667486976953e-02 3.552224314554905393e-02 7.406969994060582962e+01
1.188472449406949294e-02 4.160046222735808152e-02 7.405729395849330388e+01
1.980214578995342922e-02 4.160046222735808152e-02 7.398497398660495605e+01
3.682913065431114852e-03 3.264740979604477400e-02 7.420557357211076521e+01
3.682913065431114852e-03 2.211440693567620630e-02 7.428422997358019586e+01
1.442520547063039227e-02 3.407175904648099274e-02 7.409053968145180136e+01
1.064912692819669493e-02 3.407175904648099274e-02 7.410618441621885211e+01
5.923508167490210141e-03 2.461261915255849586e-02 7.424113284206949004e+01
5.923508167490210141e-03 2.719772570741929574e-02 7.420671032825086399e+01
1.706246667486976953e-02 3.850454690064225582e-02 7.402815747198872032e+01
8.244124523194285015e-03 2.719772570741929574e-02 7.419806575366843049e+01
1.188472449406949294e-02 3.124849535365206710e-02 7.413352477753154801e+01
1.518270339712995964e-03 2.335292739913055748e-02 7.427999975648363318e+01
7.073548131378976089e-03 2.852429354478208667e-02 7.418500519141271354e+01
8.244124523194285015e-03 2.987434045891235179e-02 7.416330314881977870e+01
5.923508167490210141e-03 2.852429354478208667e-02 7.419307212974818810e+01
8.244124523194285015e-03 3.407175904648099274e-02 7.413000793383855580e+01
2.591341092633092646e-03 2.852429354478208667e-02 7.423181948144947739e+01
4.793468898625613539e-03 2.852429354478208667e-02 7.420360629540134312e+01
4.793468898625613539e-03 2.589402972932139391e-02 7.422841853549525126e+01
1.518270339712995964e-03 2.461261915255849586e-02 7.426873897133235403e+01
3.682913065431114852e-03 3.124849535365206710e-02 7.420660311717224999e+01
7.073548131378976089e-03 3.124849535365206710e-02 7.416019982878337657e+01
5.923508167490210141e-03 2.589402972932139391e-02 7.422275138990744381e+01
1.442520547063039227e-02 3.552224314554905393e-02 7.407136368396872683e+01
1.442520547063039227e-02 4.003790118981756518e-02 7.403005616434981562e+01
7.073548131378976089e-03 3.407175904648099274e-02 7.414572111194841852e+01
5.923508167490210141e-03 2.987434045891235179e-02 7.418190151476815686e+01
1.518270339712995964e-03 2.719772570741929574e-02 7.425336331820842872e+01
2.591341092633092646e-03 1.969878024662471971e-02 7.432604107053201403e+01
8.244124523194285015e-03 3.264740979604477400e-02 7.413850126225314341e+01
4.793468898625613539e-03 3.124849535365206710e-02 7.418875452139351978e+01
1.064912692819669493e-02 3.552224314554905393e-02 7.409511359193918167e+01
1.188472449406949294e-02 3.699958806126651956e-02 7.407342454310051494e+01
1.064912692819669493e-02 3.264740979604477400e-02 7.411990844661274025e+01
9.435792381528806949e-03 3.407175904648099274e-02 7.411680584100388103e+01
9.435792381528806949e-03 3.124849535365206710e-02 7.414160422527780270e+01
4.632343893629792264e-04 2.589402972932139391e-02 7.427491448903404603e+01
9.435792381528806949e-03 2.719772570741929574e-02 7.419764907166100443e+01
2.591341092633092646e-03 2.211440693567620630e-02 7.428770508564535646e+01
4.632343893629792264e-04 2.211440693567620630e-02 7.430173787825768272e+01
9.435792381528806949e-03 2.852429354478208667e-02 7.417654394009886687e+01
2.591341092633092646e-03 2.589402972932139391e-02 7.424702504617161480e+01
5.923508167490210141e-03 3.124849535365206710e-02 7.417326555349600881e+01
1.064912692819669493e-02 3.699958806126651956e-02 7.408677081889285887e+01
5.923508167490210141e-03 3.552224314554905393e-02 7.416327384529240874e+01
2.591341092633092646e-03 2.987434045891235179e-02 7.422798357711060646e+01
1.442520547063039227e-02 3.850454690064225582e-02 7.404104493420346955e+01
4.793468898625613539e-03 2.211440693567620630e-02 7.428319907375573905e+01
1.188472449406949294e-02 3.264740979604477400e-02 7.411459167089560651e+01
1.314320349634734431e-02 3.552224314554905393e-02 7.407652643266389703e+01
4.632343893629792264e-04 2.461261915255849586e-02 7.428149448643853248e+01
1.442520547063039227e-02 4.160046222735808152e-02 7.402195542870765621e+01
3.682913065431114852e-03 2.987434045891235179e-02 7.421028315462316982e+01
1.188472449406949294e-02 3.850454690064225582e-02 7.406516020691798019e+01
3.682913065431114852e-03 2.719772570741929574e-02 7.422531414684343076e+01
7.073548131378976089e-03 2.461261915255849586e-02 7.424040091168266997e+01
3.682913065431114852e-03 2.461261915255849586e-02 7.425012979022346826e+01
9.435792381528806949e-03 3.552224314554905393e-02 7.410838676318496709e+01
7.073548131378976089e-03 2.589402972932139391e-02 7.421959545162187055e+01
1.188472449406949294e-02 3.407175904648099274e-02 7.409821583972777148e+01
5.923508167490210141e-03 3.264740979604477400e-02 7.416723377364762371e+01
2.591341092633092646e-03 2.461261915255849586e-02 7.425826411790679060e+01
9.435792381528806949e-03 3.264740979604477400e-02 7.412790259274518689e+01
1.188472449406949294e-02 3.552224314554905393e-02 7.408446874570472573e+01
8.244124523194285015e-03 3.552224314554905393e-02 7.412421674601628752e+01
1.188472449406949294e-02 2.987434045891235179e-02 7.415494626934878397e+01
4.632343893629792264e-04 2.719772570741929574e-02 7.427077891440355017e+01
9.435792381528806949e-03 2.987434045891235179e-02 7.415784056482345932e+01
9.435792381528806949e-03 3.850454690064225582e-02 7.409988664647725898e+01
7.073548131378976089e-03 3.552224314554905393e-02 7.414253460047768840e+01
4.793468898625613539e-03 2.461261915255849586e-02 7.424439796821710047e+01
7.073548131378976089e-03 3.264740979604477400e-02 7.415163422956581485e+01
7.073548131378976089e-03 2.987434045891235179e-02 7.417134645237040047e+01
4.793468898625613539e-03 2.719772570741929574e-02 7.421480030169588815e+01
4.793468898625613539e-03 2.987434045891235179e-02 7.419490181294011677e+01
4.793468898625613539e-03 3.264740979604477400e-02 7.418523456727048426e+01
7.073548131378976089e-03 2.719772570741929574e-02 7.420110957262993168e+01
2.591341092633092646e-03 2.719772570741929574e-02 7.423818878721085923e+01
