3.130879807330472220e-02 6.836918464825442188e-02 9.195586950190295283e+01
2.834994462901441192e-02 6.455927984825060584e-02 9.199936243786204670e+01
3.438483383222043499e-02 5.737488793967199241e-02 9.200931313731285854e+01
3.130879807330472220e-02 5.398412353422132881e-02 9.205288752596509028e+01
2.834994462901441192e-02 5.071779085007163679e-02 9.209653640794896035e+01
2.550170252843583785e-02 4.756916384823361987e-02 9.214025471692244196e+01
2.550170252843583785e-02 6.089733251620810250e-02 9.204293545098997242e+01
2.275798307375009877e-02 5.737488793967199241e-02 9.208658295895806134e+01
2.011313639220616012e-02 5.398412353422132881e-02 9.213029989549289667e+01
1.756191260204431615e-02 5.071779085007163679e-02 9.217408165405429088e+01
1.509942703067071457e-02 3.738949265161325974e-02 9.229280802030370978e+01
1.756191260204431615e-02 4.453199266946952783e-02 9.219691085090332194e+01
1.518747033697200044e-02 4.632343893629792264e-04 9.306732290382819883e+01
1.156221258704506760e-02 3.876915504822481262e-02 9.229799845902543609e+01
2.011313639220616012e-02 4.756916384823361987e-02 9.215210648952353267e+01
1.444196665604757790e-02 2.112164748850425822e-03 9.302278923198204552e+01
2.275798307375009877e-02 4.453199266946952783e-02 9.218403784628360143e+01
1.390002673082063600e-02 4.453199266946952783e-02 9.224101554377585899e+01
2.011313639220616012e-02 4.160046222735808152e-02 9.222788159989194412e+01
1.390002673082063600e-02 4.160046222735808152e-02 9.225323353941227822e+01
1.509942703067071457e-02 4.160046222735808152e-02 9.224172142916970074e+01
1.368618016573108775e-02 3.805361695169706682e-03 9.297976229943249393e+01
1.882613510520486644e-02 5.737488793967199241e-02 9.217392174967750407e+01
1.272112900019878312e-02 3.876915504822481262e-02 9.228653821317101347e+01
1.214289586382609476e-02 5.544632027783436001e-03 9.293528167685985863e+01
1.042277376066705341e-02 4.453199266946952783e-02 9.231212877386379034e+01
8.200397206739706846e-03 4.160046222735808152e-02 9.235505330858096329e+01
1.156221258704506760e-02 3.469915097822073857e-02 9.233969974822217353e+01
1.756191260204431615e-02 4.912916540823517031e-02 9.217459441457090463e+01
1.214289586382609476e-02 4.632343893629792264e-04 9.308853590212443407e+01
1.055583044697344652e-02 7.331882231641662084e-03 9.289082545174851191e+01
1.156221258704506760e-02 3.338733148458306044e-02 9.235935166629298010e+01
1.055583044697344652e-02 2.112164748850425822e-03 9.304625164915913160e+01
8.923094082873228583e-03 3.805361695169706682e-03 9.300408538505413958e+01
1.509942703067071457e-02 4.756916384823361987e-02 9.221792403855747011e+01
7.242686584054774945e-03 5.544632027783436001e-03 9.296204357430192999e+01
1.756191260204431615e-02 3.876915504822481262e-02 9.227178214884526142e+01
1.272112900019878312e-02 4.453199266946952783e-02 9.226182322015054638e+01
1.509942703067071457e-02 3.603301785830612114e-02 9.231573599347586878e+01
1.509942703067071457e-02 4.305336985875540812e-02 9.223085447557859595e+01
8.923094082873228583e-03 1.010715455523841788e-02 9.282673409571776801e+01
9.540846750148990196e-04 3.805361695169706682e-03 9.319903444510691770e+01
9.302325581395348708e-03 3.338733148458306044e-02 9.236765303932226345e+01
3.730255872238741333e-03 4.632343893629792264e-04 9.329963120593225767e+01
5.001250312578142676e-03 3.338733148458306044e-02 9.241848726854638585e+01
5.512489233419459733e-03 2.112164748850425822e-03 9.314838233016268987e+01
1.509942703067071457e-02 3.876915504822481262e-02 9.227277841155139981e+01
6.050293061070161071e-03 3.603301785830612114e-02 9.239382800035168941e+01
1.272112900019878312e-02 4.160046222735808152e-02 9.226779872805016680e+01
3.730255872238741333e-03 6.432136409836308744e-03 9.298676076947560887e+01
2.953119232188994303e-03 3.082768369211932868e-02 9.246292552919595664e+01
8.923094082873228583e-03 7.331882231641662084e-03 9.289154954922838670e+01
3.730255872238741333e-03 1.282275456082060394e-03 9.325010527344694822e+01
9.302325581395348708e-03 3.603301785830612114e-02 9.234277226465873412e+01
3.730255872238741333e-03 3.805361695169706682e-03 9.311099116279250154e+01
7.242686584054774945e-03 3.451697803857206592e-04 9.322912619206383056e+01
1.042277376066705341e-02 3.876915504822481262e-02 9.231240803977742360e+01
8.088978766430734990e-03 4.632343893629792264e-04 9.316399387279088273e+01
7.242686584054774945e-03 9.169125448195231121e-03 9.284772781775662054e+01
8.923094082873228583e-03 4.632343893629792264e-04 9.314429837437775461e+01
1.893603171785315786e-03 6.432136409836308744e-03 9.302995169948239607e+01
1.953244216565952485e-03 2.957882327724789540e-02 9.248515423384981204e+01
8.923094082873228583e-03 2.112164748850425822e-03 9.307087118891347188e+01
7.242686584054774945e-03 3.805361695169706682e-03 9.303000208863903708e+01
1.893603171785315786e-03 1.282275456082060394e-03 9.331863710182113891e+01
5.512489233419459733e-03 4.632343893629792264e-04 9.323772121498974741e+01
5.512489233419459733e-03 5.544632027783436001e-03 9.298931476909999105e+01
7.242686584054774945e-03 2.112164748850425822e-03 9.310477540357133819e+01
8.923094082873228583e-03 9.169125448195231121e-03 9.284639469885900098e+01
7.242686584054774945e-03 7.331882231641662084e-03 9.290118503827915220e+01
9.689922480620172252e-04 1.282275456082060394e-03 9.344258685476727067e+01
6.383948928408572643e-03 1.202341401676951249e-02 9.277979887529714631e+01
2.818886539816767289e-03 4.632343893629792264e-04 9.333459004720177177e+01
0.000000000000000000e+00 6.432136409836308744e-03 9.308388807957210531e+01
0.000000000000000000e+00 2.957882327724789540e-02 9.252557093849301850e+01
0.000000000000000000e+00 4.632343893629792264e-04 9.345623714935874204e+01
2.818886539816767289e-03 3.805361695169706682e-03 9.313763896459779801e+01
0.000000000000000000e+00 8.244124523194285015e-03 9.299234125007630780e+01
1.893603171785315786e-03 2.112164748850425822e-03 9.326650594960909757e+01
3.730255872238741333e-03 3.451697803857206592e-04 9.335068267242701268e+01
1.893603171785315786e-03 4.632343893629792264e-04 9.337230072994488239e+01
4.628022677311119382e-03 4.669120948190719211e-03 9.304594339823056259e+01
9.540846750148990196e-04 1.010715455523841788e-02 9.288846177703493368e+01
0.000000000000000000e+00 2.112164748850425822e-03 9.334199431250502244e+01
0.000000000000000000e+00 3.805361695169706682e-03 9.323390944332702190e+01
2.818886539816767289e-03 1.010715455523841788e-02 9.285753032936582940e+01
9.689922480620172252e-04 2.834994462901441192e-02 9.250738911304895851e+01
6.383948928408572643e-03 9.169125448195231121e-03 9.285181219725977542e+01
6.050293061070161071e-03 2.714057199107033913e-02 9.247039948634657947e+01
0.000000000000000000e+00 2.026913654820630684e-02 9.260386450309862028e+01
4.628022677311119382e-03 1.010715455523841788e-02 9.283680747123091237e+01
2.818886539816767289e-03 2.112164748850425822e-03 9.323296300057926089e+01
7.242686584054774945e-03 1.105848903968648100e-02 9.280199057121802753e+01
2.818886539816767289e-03 1.399521723080873747e-02 9.273841492294799593e+01
3.730255872238741333e-03 2.112164748850425822e-03 9.320213550705148009e+01
5.512489233419459733e-03 3.805361695169706682e-03 9.306549148255297155e+01
3.730255872238741333e-03 4.669120948190719211e-03 9.306788209649172927e+01
0.000000000000000000e+00 5.544632027783436001e-03 9.313223666546794277e+01
1.893603171785315786e-03 3.805361695169706682e-03 9.316696583411285815e+01
4.628022677311119382e-03 1.300222280647242434e-02 9.275773861643300222e+01
2.818886539816767289e-03 5.544632027783436001e-03 9.304887804970088894e+01
2.818886539816767289e-03 7.331882231641662084e-03 9.296695489841391691e+01
9.540846750148990196e-04 5.544632027783436001e-03 9.310170344765327854e+01
7.116533231668581427e-03 3.209701722854602091e-02 9.239860725032239941e+01
9.540846750148990196e-04 7.331882231641662084e-03 9.301110531488578204e+01
9.540846750148990196e-04 1.202341401676951249e-02 9.281598222172029011e+01
9.689922480620172252e-04 2.026913654820630684e-02 9.260253697219587821e+01
9.540846750148990196e-04 1.811540305118924943e-02 9.264680453913814517e+01
1.042277376066705341e-02 3.603301785830612114e-02 9.233136119178227830e+01
3.730255872238741333e-03 1.202341401676951249e-02 9.278682333670391813e+01
4.628022677311119382e-03 1.399521723080873747e-02 9.273543703608817168e+01
1.893603171785315786e-03 8.244124523194285015e-03 9.294720932065521879e+01
9.302325581395348708e-03 3.082768369211932868e-02 9.240375046460917474e+01
1.953244216565952485e-03 2.714057199107033913e-02 9.249954794871248964e+01
9.540846750148990196e-04 1.602501465702560468e-02 9.269479433282972991e+01
2.953119232188994303e-03 2.834994462901441192e-02 9.247714517069572082e+01
9.689922480620172252e-04 2.248913876820854418e-02 9.256302557347343907e+01
8.200397206739706846e-03 3.209701722854602091e-02 9.239004553732985414e+01
0.000000000000000000e+00 1.602501465702560468e-02 9.270044735212829323e+01
3.968992248062019890e-03 2.957882327724789540e-02 9.245474444470582398e+01
7.116533231668581427e-03 2.957882327724789540e-02 9.242898528496557731e+01
7.116533231668581427e-03 2.834994462901441192e-02 9.244817660000252602e+01
6.050293061070161071e-03 3.209701722854602091e-02 9.240994922310126469e+01
0.000000000000000000e+00 1.811540305118924943e-02 9.264773137193664354e+01
3.730255872238741333e-03 8.244124523194285015e-03 9.291267383980881789e+01
5.001250312578142676e-03 2.477851605758582543e-02 9.251410786881173465e+01
1.272112900019878312e-02 3.603301785830612114e-02 9.231738841007849317e+01
6.050293061070161071e-03 3.082768369211932868e-02 9.242102568846763688e+01
8.200397206739706846e-03 3.338733148458306044e-02 9.237619035390511613e+01
2.953119232188994303e-03 2.477851605758582543e-02 9.251833130421104556e+01
3.730255872238741333e-03 1.010715455523841788e-02 9.284592199626044362e+01
7.116533231668581427e-03 3.603301785830612114e-02 9.237407564698376916e+01
5.001250312578142676e-03 2.595024459151909491e-02 9.249262870148750437e+01
1.042277376066705341e-02 3.338733148458306044e-02 9.236201519000832150e+01
1.893603171785315786e-03 5.544632027783436001e-03 9.307393849833445643e+01
3.968992248062019890e-03 2.477851605758582543e-02 9.251486409076581197e+01
0.000000000000000000e+00 2.714057199107033913e-02 9.252963001821966316e+01
5.001250312578142676e-03 2.834994462901441192e-02 9.245723572879981589e+01
1.893603171785315786e-03 1.399521723080873747e-02 9.274359409926067599e+01
2.953119232188994303e-03 2.957882327724789540e-02 9.246866826487885760e+01
8.200397206739706846e-03 2.834994462901441192e-02 9.244788656678184680e+01
5.512489233419459733e-03 8.244124523194285015e-03 9.288825763126314428e+01
3.730255872238741333e-03 5.544632027783436001e-03 9.302646027913007742e+01
4.628022677311119382e-03 9.169125448195231121e-03 9.286707502478783738e+01
1.893603171785315786e-03 1.010715455523841788e-02 9.287169035807782791e+01
5.512489233419459733e-03 7.331882231641662084e-03 9.292013315354103042e+01
4.628022677311119382e-03 1.105848903968648100e-02 9.280846748321162920e+01
2.953119232188994303e-03 2.362495385751200994e-02 9.253710550560664672e+01
1.953244216565952485e-03 2.248913876820854418e-02 9.255935280323241443e+01
5.512489233419459733e-03 1.105848903968648100e-02 9.280395981818126927e+01
0.000000000000000000e+00 2.834994462901441192e-02 9.252623420640715324e+01
2.953119232188994303e-03 2.248913876820854418e-02 9.255830412512348460e+01
6.050293061070161071e-03 2.595024459151909491e-02 9.249202408847787638e+01
9.540846750148990196e-04 1.706246667486976953e-02 9.266970969878094877e+01
9.540846750148990196e-04 1.300222280647242434e-02 9.278264893931017809e+01
2.818886539816767289e-03 1.300222280647242434e-02 9.276519869316727807e+01
1.953244216565952485e-03 2.834994462901441192e-02 9.249100627933451335e+01
0.000000000000000000e+00 7.331882231641662084e-03 9.303724429993400236e+01
3.968992248062019890e-03 3.082768369211932868e-02 9.244633388238486305e+01
0.000000000000000000e+00 2.248913876820854418e-02 9.256926055735361558e+01
1.893603171785315786e-03 1.202341401676951249e-02 9.280370806525338878e+01
1.953244216565952485e-03 2.477851605758582543e-02 9.252444455698234549e+01
3.968992248062019890e-03 2.714057199107033913e-02 9.247963662555771691e+01
3.968992248062019890e-03 3.209701722854602091e-02 9.244070315374580105e+01
3.968992248062019890e-03 2.834994462901441192e-02 9.246586718442431163e+01
3.730255872238741333e-03 7.331882231641662084e-03 9.294881960569325940e+01
9.689922480620172252e-04 2.595024459151909491e-02 9.252195276103697097e+01
9.540846750148990196e-04 9.169125448195231121e-03 9.292752579808987434e+01
1.953244216565952485e-03 3.209701722854602091e-02 9.248178738363672835e+01
2.818886539816767289e-03 1.202341401676951249e-02 9.279400805137986197e+01
2.818886539816767289e-03 9.169125448195231121e-03 9.289215971530470028e+01
0.000000000000000000e+00 1.399521723080873747e-02 9.276162294734440650e+01
9.540846750148990196e-04 1.105848903968648100e-02 9.285126707327799522e+01
5.001250312578142676e-03 3.082768369211932868e-02 9.243234578913876476e+01
3.730255872238741333e-03 1.500270792411345644e-02 9.271326723790978974e+01
7.116533231668581427e-03 3.082768369211932868e-02 9.241244016520607829e+01
1.893603171785315786e-03 1.602501465702560468e-02 9.269169989332364423e+01
0.000000000000000000e+00 2.477851605758582543e-02 9.254435959059505024e+01
3.968992248062019890e-03 3.338733148458306044e-02 9.243792218694086671e+01
2.953119232188994303e-03 2.595024459151909491e-02 9.250203957419154221e+01
1.893603171785315786e-03 9.169125448195231121e-03 9.290852775003865816e+01
1.893603171785315786e-03 1.105848903968648100e-02 9.283673684621925304e+01
3.730255872238741333e-03 1.105848903968648100e-02 9.281539542309697310e+01
9.540846750148990196e-04 1.500270792411345644e-02 9.272201012248143570e+01
0.000000000000000000e+00 1.202341401676951249e-02 9.283089121559825685e+01
6.050293061070161071e-03 3.338733148458306044e-02 9.240167629969261043e+01
9.689922480620172252e-04 2.477851605758582543e-02 9.253314095687619556e+01
0.000000000000000000e+00 1.500270792411345644e-02 9.273000114078217848e+01
2.818886539816767289e-03 1.500270792411345644e-02 9.271370164313856321e+01
5.512489233419459733e-03 1.300222280647242434e-02 9.275761430712616118e+01
8.200397206739706846e-03 3.082768369211932868e-02 9.240665804012262186e+01
2.953119232188994303e-03 2.714057199107033913e-02 9.248829023948094630e+01
0.000000000000000000e+00 2.595024459151909491e-02 9.253569293434890142e+01
6.050293061070161071e-03 2.834994462901441192e-02 9.245131630613997231e+01
0.000000000000000000e+00 9.169125448195231121e-03 9.294921587131550211e+01
1.893603171785315786e-03 7.331882231641662084e-03 9.298769647766162905e+01
1.953244216565952485e-03 2.137066436729137542e-02 9.258041609517910331e+01
3.730255872238741333e-03 9.169125448195231121e-03 9.287836157363888390e+01
1.953244216565952485e-03 3.082768369211932868e-02 9.248205835060159075e+01
0.000000000000000000e+00 2.137066436729137542e-02 9.258537780027216968e+01
9.540846750148990196e-04 1.399521723080873747e-02 9.275131016847477383e+01
9.689922480620172252e-04 2.362495385751200994e-02 9.254685155685608322e+01
2.818886539816767289e-03 1.105848903968648100e-02 9.282479938583247758e+01
5.512489233419459733e-03 9.169125448195231121e-03 9.285824352011113092e+01
3.968992248062019890e-03 2.595024459151909491e-02 9.249598938525313940e+01
1.893603171785315786e-03 1.706246667486976953e-02 9.266895079650765865e+01
0.000000000000000000e+00 1.300222280647242434e-02 9.279526759517835899e+01
0.000000000000000000e+00 1.105848903968648100e-02 9.286845120084694827e+01
1.953244216565952485e-03 2.595024459151909491e-02 9.251071483075601520e+01
1.893603171785315786e-03 1.300222280647242434e-02 9.277264605723638624e+01
3.730255872238741333e-03 1.399521723080873747e-02 9.273571464741330317e+01
1.893603171785315786e-03 1.500270792411345644e-02 9.271659674917047766e+01
1.953244216565952485e-03 2.362495385751200994e-02 9.254067672126835475e+01
0.000000000000000000e+00 1.010715455523841788e-02 9.290790615908852601e+01
3.730255872238741333e-03 1.300222280647242434e-02 9.276024842933948378e+01
9.689922480620172252e-04 2.137066436729137542e-02 9.258160584639095703e+01
8.200397206739706846e-03 3.603301785830612114e-02 9.235703413406359630e+01
3.968992248062019890e-03 2.362495385751200994e-02 9.253620130035864122e+01
0.000000000000000000e+00 1.918417305722777688e-02 9.262466652699713165e+01
0.000000000000000000e+00 2.362495385751200994e-02 9.255556861646985567e+01
0.000000000000000000e+00 1.706246667486976953e-02 9.267300811511309178e+01
