9.824189416026152255e-02 2.120156266497730257e-01 2.725236119178229188e+01
6.621949479092337221e-02 2.956393200295615031e-03 2.741129014559551180e+01
5.520294242098755522e-02 2.956393200295615031e-03 2.741459526676721126e+01
4.656408017752577955e-03 2.956393200295615031e-03 2.750957435237674531e+01
3.133374561945989623e-02 2.956393200295615031e-03 2.744430600623503480e+01
1.837618164148779876e-02 2.956393200295615031e-03 2.747209570311262894e+01
1.837618164148779876e-02 1.546421058616176403e-02 2.743392542411583079e+01
5.520294242098755522e-02 1.546421058616176403e-02 2.739777415855040132e+01
4.359090073375787577e-02 2.956393200295615031e-03 2.742538298330590152e+01
4.359090073375787577e-02 1.546421058616176403e-02 2.740166348164037657e+01
5.936920222634511912e-02 1.879858297015571944e-01 2.727847360011829636e+01
7.813532936685640973e-02 1.879858297015571944e-01 2.726573548525698953e+01
4.359090073375787577e-02 2.863033415023141792e-02 2.738430350830804727e+01
4.181379296586673622e-02 1.655580192165557740e-01 2.729148141100618830e+01
9.824189416026152255e-02 1.879858297015571944e-01 2.726554442460462724e+01
4.656408017752577955e-03 1.546421058616176403e-02 2.746381123118368350e+01
3.133374561945989623e-02 1.546421058616176403e-02 2.741347646167329088e+01
7.813532936685640973e-02 1.655580192165557740e-01 2.727847360011829636e+01
5.936920222634511912e-02 1.655580192165557740e-01 2.727914095687620488e+01
4.656408017752577955e-03 1.064301552106430293e-01 2.733091705163041851e+01
3.133374561945989623e-02 4.250814006911562970e-02 2.737088011320960845e+01
1.837618164148779876e-02 4.250814006911562970e-02 2.737609264770743422e+01
1.837618164148779876e-02 2.863033415023141792e-02 2.740175497278197270e+01
2.535559678416821061e-02 1.445771642467157392e-01 2.730456140587131841e+01
9.894867037724186520e-03 1.064301552106430293e-01 2.731954319140979237e+01
3.133374561945989623e-02 2.863033415023141792e-02 2.738882665567947328e+01
1.837618164148779876e-02 5.715693520571563102e-02 2.735750616439604244e+01
4.656408017752577955e-03 7.264280435012138160e-02 2.734418417679783175e+01
4.656408017752577955e-03 2.863033415023141792e-02 2.742386790060075441e+01
9.894867037724186520e-03 1.249076127124907343e-01 2.731770815346191839e+01
5.936920222634511912e-02 1.445771642467157392e-01 2.729148141100618830e+01
4.656408017752577955e-03 5.715693520571563102e-02 2.736347050779068013e+01
4.656408017752577955e-03 8.903960697360979726e-02 2.733307212974818157e+01
4.181379296586673622e-02 1.445771642467157392e-01 2.729257748138625317e+01
2.535559678416821061e-02 1.064301552106430293e-01 2.731770815346191839e+01
9.894867037724186520e-03 8.903960697360979726e-02 2.733091705163041851e+01
4.656408017752577955e-03 4.250814006911562970e-02 2.739023742658726235e+01
4.181379296586673622e-02 1.249076127124907343e-01 2.730456140587131841e+01
2.535559678416821061e-02 1.249076127124907343e-01 2.730604493420348433e+01
