6.201550387596899139e-02 8.998718379434345049e-02 9.165447464807846245e+01
6.420428636570907344e-02 1.027263618625745001e-01 9.156073620243982703e+01
6.201550387596899139e-02 1.027263618625745001e-01 9.157934590087182869e+01
5.987703822507350893e-02 1.000586281024037627e-01 9.160143172220888630e+01
5.574427314693841673e-02 9.490714222069474015e-02 9.164563657759318005e+01
5.179316807223785513e-02 8.998718379434345049e-02 9.168988286476823646e+01
5.179316807223785513e-02 8.528348727684276209e-02 9.170440727706602502e+01
4.801200300075020300e-02 8.528348727684276209e-02 9.173416748966987200e+01
5.574427314693841673e-02 8.078210028697652145e-02 9.174978890828977285e+01
4.439004487964096080e-02 8.078210028697652145e-02 9.177848768967336923e+01
5.179316807223785513e-02 7.647024538089408630e-02 9.179277593788778233e+01
4.091744585630943676e-02 7.647024538089408630e-02 9.182284099173509162e+01
3.758515386422364712e-02 7.233619892454704048e-02 9.186722517657464948e+01
3.596899224806202056e-02 7.033245191764414539e-02 9.188942821824076645e+01
5.179316807223785513e-02 7.438169066076041891e-02 9.182630756894519664e+01
3.438483383222043499e-02 6.836918464825442188e-02 9.191163824792201353e+01
4.801200300075020300e-02 7.233619892454704048e-02 9.183588132947571125e+01
3.438483383222043499e-02 6.455927984825060584e-02 9.192817832810639800e+01
4.091744585630943676e-02 6.836918464825442188e-02 9.187219862748904120e+01
3.130879807330472220e-02 6.455927984825060584e-02 9.195607840602734484e+01
7.242686584054774945e-03 7.331882231641662084e-03 9.290118503827915220e+01
3.130879807330472220e-02 6.089733251620810250e-02 9.197295143684024765e+01
5.512489233419459733e-03 9.169125448195231121e-03 9.285824352011113092e+01
2.834994462901441192e-02 6.089733251620810250e-02 9.200054402477070425e+01
2.550170252843583785e-02 5.737488793967199241e-02 9.204503363182385556e+01
1.214289586382609476e-02 4.632343893629792264e-04 9.308853590212443407e+01
1.055583044697344652e-02 2.112164748850425822e-03 9.304625164915913160e+01
8.923094082873228583e-03 3.805361695169706682e-03 9.300408538505413958e+01
3.758515386422364712e-02 6.455927984825060584e-02 9.191661239584604459e+01
1.518747033697200044e-02 3.451697803857206592e-04 9.309140022591691377e+01
7.242686584054774945e-03 5.544632027783436001e-03 9.296204357430192999e+01
3.438483383222043499e-02 6.089733251620810250e-02 9.196105324985325069e+01
1.444196665604757790e-02 4.632343893629792264e-04 9.306954428525679646e+01
5.512489233419459733e-03 7.331882231641662084e-03 9.292013315354103042e+01
1.368618016573108775e-02 2.112164748850425822e-03 9.302331125905608644e+01
3.730255872238741333e-03 9.169125448195231121e-03 9.287836157363888390e+01
2.981514609421587192e-02 6.089733251620810250e-02 9.198484354824556419e+01
1.214289586382609476e-02 3.805361695169706682e-03 9.297934367940681000e+01
0.000000000000000000e+00 7.331882231641662084e-03 9.303724429993400236e+01
2.834994462901441192e-02 5.566351156522283961e-02 9.203203812864957456e+01
1.055583044697344652e-02 5.544632027783436001e-03 9.293542233446234491e+01
2.011313639220616012e-02 5.233583528157170761e-02 9.213035853558329791e+01
9.745293466223700629e-03 7.331882231641662084e-03 9.289009774608085479e+01
1.893603171785315786e-03 1.105848903968648100e-02 9.283673684621925304e+01
9.540846750148990196e-04 1.706246667486976953e-02 9.266970969878094877e+01
3.130879807330472220e-02 5.737488793967199241e-02 9.200551956338182436e+01
1.214289586382609476e-02 5.544632027783436001e-03 9.293528167685985863e+01
2.834994462901441192e-02 5.398412353422132881e-02 9.205000986409578445e+01
2.275798307375009877e-02 5.398412353422132881e-02 9.208954589140752489e+01
1.055583044697344652e-02 6.432136409836308744e-03 9.291219119163042706e+01
3.730255872238741333e-03 1.105848903968648100e-02 9.281539542309697310e+01
2.550170252843583785e-02 5.071779085007163679e-02 9.209452281620903591e+01
2.691238847447710580e-02 5.566351156522283961e-02 9.204012285837690399e+01
8.923094082873228583e-03 7.331882231641662084e-03 9.289154954922838670e+01
1.893603171785315786e-03 1.300222280647242434e-02 9.277264605723638624e+01
7.242686584054774945e-03 9.169125448195231121e-03 9.284772781775662054e+01
0.000000000000000000e+00 1.500270792411345644e-02 9.273000114078217848e+01
2.834994462901441192e-02 5.737488793967199241e-02 9.201773081862150150e+01
5.512489233419459733e-03 1.105848903968648100e-02 9.280395981818126927e+01
2.275798307375009877e-02 5.737488793967199241e-02 9.208658295895806134e+01
2.275798307375009877e-02 4.756916384823361987e-02 9.213905720545697875e+01
1.390002673082063600e-02 4.603701945894636549e-02 9.223986675574754202e+01
9.689922480620172252e-04 2.834994462901441192e-02 9.250738911304895851e+01
8.923094082873228583e-03 9.169125448195231121e-03 9.284639469885900098e+01
3.730255872238741333e-03 1.300222280647242434e-02 9.276024842933948378e+01
7.242686584054774945e-03 1.105848903968648100e-02 9.280199057121802753e+01
0.000000000000000000e+00 1.300222280647242434e-02 9.279526759517835899e+01
5.512489233419459733e-03 1.300222280647242434e-02 9.275761430712616118e+01
1.156221258704506760e-02 4.305336985875540812e-02 9.228379300430714238e+01
1.893603171785315786e-03 1.500270792411345644e-02 9.271659674917047766e+01
3.730255872238741333e-03 4.632343893629792264e-04 9.329963120593225767e+01
1.893603171785315786e-03 4.632343893629792264e-04 9.337230072994488239e+01
1.893603171785315786e-03 2.112164748850425822e-03 9.326650594960909757e+01
0.000000000000000000e+00 2.112164748850425822e-03 9.334199431250502244e+01
1.631986944104446557e-02 4.017260472753655942e-02 9.225047994463646717e+01
0.000000000000000000e+00 4.632343893629792264e-04 9.345623714935874204e+01
9.540846750148990196e-04 2.112164748850425822e-03 9.330282787903178132e+01
0.000000000000000000e+00 2.957882327724789540e-02 9.252557093849301850e+01
0.000000000000000000e+00 3.805361695169706682e-03 9.323390944332702190e+01
2.953119232188994303e-03 2.362495385751200994e-02 9.253710550560664672e+01
1.953244216565952485e-03 5.544632027783436001e-03 9.320187317035366448e+01
1.953244216565952485e-03 9.169125448195231121e-03 9.300093005248668021e+01
1.631986944104446557e-02 4.603701945894636549e-02 9.220091794048863676e+01
1.631986944104446557e-02 4.305336985875540812e-02 9.221931536362330917e+01
9.689922480620172252e-04 2.477851605758582543e-02 9.253314095687619556e+01
1.509942703067071457e-02 4.305336985875540812e-02 9.223085447557859595e+01
3.968992248062019890e-03 2.477851605758582543e-02 9.251486409076581197e+01
9.302325581395348708e-03 4.017260472753655942e-02 9.232777091335896102e+01
1.390002673082063600e-02 4.305336985875540812e-02 9.224550060496788717e+01
1.390002673082063600e-02 3.603301785830612114e-02 9.231498169483506899e+01
0.000000000000000000e+00 2.248913876820854418e-02 9.256926055735361558e+01
3.730255872238741333e-03 1.500270792411345644e-02 9.271326723790978974e+01
1.893603171785315786e-03 1.706246667486976953e-02 9.266895079650765865e+01
9.540846750148990196e-04 1.500270792411345644e-02 9.272201012248143570e+01
0.000000000000000000e+00 1.918417305722777688e-02 9.262466652699713165e+01
1.953244216565952485e-03 2.137066436729137542e-02 9.258041609517910331e+01
9.302325581395348708e-03 3.738949265161325974e-02 9.233471903495460253e+01
9.302325581395348708e-03 3.209701722854602091e-02 9.238433464845232379e+01
3.968992248062019890e-03 2.714057199107033913e-02 9.247963662555771691e+01
7.116533231668581427e-03 3.738949265161325974e-02 9.237179741557025636e+01
2.953119232188994303e-03 2.834994462901441192e-02 9.247714517069572082e+01
2.275798307375009877e-02 4.912916540823517031e-02 9.212148295370464268e+01
2.953119232188994303e-03 3.338733148458306044e-02 9.245991767921798044e+01
1.882613510520486644e-02 4.603701945894636549e-02 9.217450789240460551e+01
1.390002673082063600e-02 4.017260472753655942e-02 9.226412904614942079e+01
5.001250312578142676e-03 3.469915097822073857e-02 9.241586969627468306e+01
1.953244216565952485e-03 2.714057199107033913e-02 9.249954794871248964e+01
0.000000000000000000e+00 1.706246667486976953e-02 9.267300811511309178e+01
1.882613510520486644e-02 4.160046222735808152e-02 9.222633486321971930e+01
1.882613510520486644e-02 4.756916384823361987e-02 9.216373120049701129e+01
2.011313639220616012e-02 5.071779085007163679e-02 9.213407958926299557e+01
9.689922480620172252e-04 2.137066436729137542e-02 9.258160584639095703e+01
1.953244216565952485e-03 2.957882327724789540e-02 9.248515423384981204e+01
7.116533231668581427e-03 2.957882327724789540e-02 9.242898528496557731e+01
1.509942703067071457e-02 4.017260472753655942e-02 9.225572327978467513e+01
2.011313639220616012e-02 4.912916540823517031e-02 9.214136151378342277e+01
1.042277376066705341e-02 3.209701722854602091e-02 9.238154755813053498e+01
5.001250312578142676e-03 2.477851605758582543e-02 9.251410786881173465e+01
1.756191260204431615e-02 4.017260472753655942e-02 9.224848437390768652e+01
5.001250312578142676e-03 2.957882327724789540e-02 9.244344566696102561e+01
2.142353770260746471e-02 4.756916384823361987e-02 9.214385039121833643e+01
1.390002673082063600e-02 4.453199266946952783e-02 9.224101554377585899e+01
9.689922480620172252e-04 2.595024459151909491e-02 9.252195276103697097e+01
7.116533231668581427e-03 3.469915097822073857e-02 9.237935325012000476e+01
1.631986944104446557e-02 4.756916384823361987e-02 9.219672608572687977e+01
3.968992248062019890e-03 2.362495385751200994e-02 9.253620130035864122e+01
2.550170252843583785e-02 5.398412353422132881e-02 9.206251646216401241e+01
2.011313639220616012e-02 4.305336985875540812e-02 9.220419388570648778e+01
1.756191260204431615e-02 4.603701945894636549e-02 9.218610327691391149e+01
2.275798307375009877e-02 5.071779085007163679e-02 9.210730835620870494e+01
2.953119232188994303e-03 2.714057199107033913e-02 9.248829023948094630e+01
6.050293061070161071e-03 3.469915097822073857e-02 9.239627804135568567e+01
1.042277376066705341e-02 3.469915097822073857e-02 9.234526269264506482e+01
0.000000000000000000e+00 2.834994462901441192e-02 9.252623420640715324e+01
3.968992248062019890e-03 3.209701722854602091e-02 9.244070315374580105e+01
1.631986944104446557e-02 3.876915504822481262e-02 9.227064217148173952e+01
1.272112900019878312e-02 4.305336985875540812e-02 9.226317282685903365e+01
2.011313639220616012e-02 5.398412353422132881e-02 9.213029989549289667e+01
5.001250312578142676e-03 3.209701722854602091e-02 9.242400320272788861e+01
2.953119232188994303e-03 2.957882327724789540e-02 9.246866826487885760e+01
9.302325581395348708e-03 3.082768369211932868e-02 9.240375046460917474e+01
1.156221258704506760e-02 4.160046222735808152e-02 9.228533816158304148e+01
2.011313639220616012e-02 4.756916384823361987e-02 9.215210648952353267e+01
1.631986944104446557e-02 4.160046222735808152e-02 9.223334404366779893e+01
1.756191260204431615e-02 5.071779085007163679e-02 9.217408165405429088e+01
1.272112900019878312e-02 3.738949265161325974e-02 9.230048854350837928e+01
7.116533231668581427e-03 3.338733148458306044e-02 9.238755476644645626e+01
1.156221258704506760e-02 3.738949265161325974e-02 9.230894892884465719e+01
9.302325581395348708e-03 3.469915097822073857e-02 9.235377500059738054e+01
3.968992248062019890e-03 2.595024459151909491e-02 9.249598938525313940e+01
1.756191260204431615e-02 4.756916384823361987e-02 9.217863361951907564e+01
1.272112900019878312e-02 3.469915097822073857e-02 9.233716297911898607e+01
1.156221258704506760e-02 3.876915504822481262e-02 9.229799845902543609e+01
1.390002673082063600e-02 3.876915504822481262e-02 9.227810478849042397e+01
1.509942703067071457e-02 4.756916384823361987e-02 9.221792403855747011e+01
9.302325581395348708e-03 2.957882327724789540e-02 9.242583339637150175e+01
1.156221258704506760e-02 4.017260472753655942e-02 9.229010123925576181e+01
6.050293061070161071e-03 2.714057199107033913e-02 9.247039948634657947e+01
1.509942703067071457e-02 3.738949265161325974e-02 9.229280802030370978e+01
1.156221258704506760e-02 3.469915097822073857e-02 9.233969974822217353e+01
7.116533231668581427e-03 3.209701722854602091e-02 9.239860725032239941e+01
1.042277376066705341e-02 3.738949265161325974e-02 9.232038426331635605e+01
8.200397206739706846e-03 2.957882327724789540e-02 9.242596020350362096e+01
6.050293061070161071e-03 2.957882327724789540e-02 9.243483690231373373e+01
2.011313639220616012e-02 4.453199266946952783e-02 9.218361192596329090e+01
8.200397206739706846e-03 3.209701722854602091e-02 9.239004553732985414e+01
7.116533231668581427e-03 3.603301785830612114e-02 9.237407564698376916e+01
0.000000000000000000e+00 2.595024459151909491e-02 9.253569293434890142e+01
9.689922480620172252e-04 2.362495385751200994e-02 9.254685155685608322e+01
7.116533231668581427e-03 2.834994462901441192e-02 9.244817660000252602e+01
9.302325581395348708e-03 3.603301785830612114e-02 9.234277226465873412e+01
1.156221258704506760e-02 3.338733148458306044e-02 9.235935166629298010e+01
2.953119232188994303e-03 2.595024459151909491e-02 9.250203957419154221e+01
3.968992248062019890e-03 2.957882327724789540e-02 9.245474444470582398e+01
2.953119232188994303e-03 3.082768369211932868e-02 9.246292552919595664e+01
1.631986944104446557e-02 4.453199266946952783e-02 9.220847771188488196e+01
7.116533231668581427e-03 3.082768369211932868e-02 9.241244016520607829e+01
8.200397206739706846e-03 3.738949265161325974e-02 9.235188026765445102e+01
1.042277376066705341e-02 4.017260472753655942e-02 9.230751132241124424e+01
1.509942703067071457e-02 4.453199266946952783e-02 9.222320697318602356e+01
1.156221258704506760e-02 3.603301785830612114e-02 9.232287451962683633e+01
8.200397206739706846e-03 3.469915097822073857e-02 9.236516243981166951e+01
6.050293061070161071e-03 2.595024459151909491e-02 9.249202408847787638e+01
0.000000000000000000e+00 2.137066436729137542e-02 9.258537780027216968e+01
5.001250312578142676e-03 2.595024459151909491e-02 9.249262870148750437e+01
3.968992248062019890e-03 3.338733148458306044e-02 9.243792218694086671e+01
9.302325581395348708e-03 3.338733148458306044e-02 9.236765303932226345e+01
0.000000000000000000e+00 2.362495385751200994e-02 9.255556861646985567e+01
6.050293061070161071e-03 3.338733148458306044e-02 9.240167629969261043e+01
5.001250312578142676e-03 3.082768369211932868e-02 9.243234578913876476e+01
1.953244216565952485e-03 2.834994462901441192e-02 9.249100627933451335e+01
9.302325581395348708e-03 3.876915504822481262e-02 9.232969209338862981e+01
1.756191260204431615e-02 4.305336985875540812e-02 9.221096710753880643e+01
1.756191260204431615e-02 4.160046222735808152e-02 9.222818596873392494e+01
1.042277376066705341e-02 3.338733148458306044e-02 9.236201519000832150e+01
1.756191260204431615e-02 4.453199266946952783e-02 9.219691085090332194e+01
5.001250312578142676e-03 2.834994462901441192e-02 9.245723572879981589e+01
1.390002673082063600e-02 4.160046222735808152e-02 9.225323353941227822e+01
5.001250312578142676e-03 3.338733148458306044e-02 9.241848726854638585e+01
1.509942703067071457e-02 4.603701945894636549e-02 9.221886654796963967e+01
1.272112900019878312e-02 4.160046222735808152e-02 9.226779872805016680e+01
8.200397206739706846e-03 3.876915504822481262e-02 9.234977827185483079e+01
2.953119232188994303e-03 2.477851605758582543e-02 9.251833130421104556e+01
8.200397206739706846e-03 2.834994462901441192e-02 9.244788656678184680e+01
1.953244216565952485e-03 2.362495385751200994e-02 9.254067672126835475e+01
1.042277376066705341e-02 3.876915504822481262e-02 9.231240803977742360e+01
3.968992248062019890e-03 2.834994462901441192e-02 9.246586718442431163e+01
6.050293061070161071e-03 3.209701722854602091e-02 9.240994922310126469e+01
6.050293061070161071e-03 2.834994462901441192e-02 9.245131630613997231e+01
1.509942703067071457e-02 3.876915504822481262e-02 9.227277841155139981e+01
3.968992248062019890e-03 3.082768369211932868e-02 9.244633388238486305e+01
1.953244216565952485e-03 3.082768369211932868e-02 9.248205835060159075e+01
1.272112900019878312e-02 4.453199266946952783e-02 9.226182322015054638e+01
1.509942703067071457e-02 4.160046222735808152e-02 9.224172142916970074e+01
1.272112900019878312e-02 4.017260472753655942e-02 9.227561487598681822e+01
1.042277376066705341e-02 4.160046222735808152e-02 9.230577569921122461e+01
1.042277376066705341e-02 3.603301785830612114e-02 9.233136119178227830e+01
6.050293061070161071e-03 3.603301785830612114e-02 9.239382800035168941e+01
8.200397206739706846e-03 3.082768369211932868e-02 9.240665804012262186e+01
1.953244216565952485e-03 2.477851605758582543e-02 9.252444455698234549e+01
1.953244216565952485e-03 2.595024459151909491e-02 9.251071483075601520e+01
8.200397206739706846e-03 3.603301785830612114e-02 9.235703413406359630e+01
6.050293061070161071e-03 3.082768369211932868e-02 9.242102568846763688e+01
8.200397206739706846e-03 3.338733148458306044e-02 9.237619035390511613e+01
1.272112900019878312e-02 3.603301785830612114e-02 9.231738841007849317e+01
1.272112900019878312e-02 3.876915504822481262e-02 9.228653821317101347e+01
