4.988203572632288196e-02 1.027263618625745001e-01 7.375063278861418326e+01
1.368618016573108775e-02 2.953119232188994303e-03 7.494839818714500268e+01
4.801200300075020300e-02 1.000586281024037627e-01 7.376923124658597430e+01
8.376120004026982313e-02 1.000586281024037627e-01 7.364862725434768720e+01
4.439004487964096080e-02 9.490714222069474015e-02 7.380674324007539155e+01
7.850063781768226723e-02 9.490714222069474015e-02 7.368417243791166982e+01
4.091744585630943676e-02 8.998718379434345049e-02 7.384464551092632689e+01
1.518747033697200044e-02 3.451697803857206592e-04 7.503310477100306741e+01
7.349985644559287046e-02 8.998718379434345049e-02 7.372028267955954561e+01
3.758515386422364712e-02 8.528348727684276209e-02 7.388290561044370008e+01
7.242686584054774945e-03 9.169125448195231121e-03 7.479744037700019987e+01
3.438483383222043499e-02 8.078210028697652145e-02 7.392149447839938148e+01
3.130879807330472220e-02 7.647024538089408630e-02 7.396038602658310879e+01
5.574427314693841673e-02 8.078210028697652145e-02 7.373144042600351611e+01
1.214289586382609476e-02 4.632343893629792264e-04 7.502156749276834091e+01
5.179316807223785513e-02 7.647024538089408630e-02 7.377342916353062208e+01
4.801200300075020300e-02 7.233619892454704048e-02 7.381551460457433222e+01
4.439004487964096080e-02 6.836918464825442188e-02 7.385768951744474009e+01
2.981514609421587192e-02 4.912916540823517031e-02 7.410088984232621101e+01
4.263565891472867464e-02 6.271035546001346717e-02 7.393595258530834258e+01
4.091744585630943676e-02 6.455927984825060584e-02 7.389994740635258097e+01
3.758515386422364712e-02 6.089733251620810250e-02 7.394228242305848653e+01
2.834994462901441192e-02 6.455927984825060584e-02 7.397228901567832793e+01
3.438483383222043499e-02 5.737488793967199241e-02 7.398468929065724353e+01
3.130879807330472220e-02 5.398412353422132881e-02 7.402716323762899719e+01
2.834994462901441192e-02 5.071779085007163679e-02 7.406969994060582962e+01
2.550170252843583785e-02 6.089733251620810250e-02 7.401476010658548432e+01
1.368618016573108775e-02 4.632343893629792264e-04 7.501341489744903868e+01
4.628022677311119382e-03 1.300222280647242434e-02 7.471174307709317475e+01
1.214289586382609476e-02 2.112164748850425822e-03 7.497106436467834101e+01
1.272112900019878312e-02 3.469915097822073857e-02 7.430578937030553277e+01
1.631986944104446557e-02 3.876915504822481262e-02 7.424113284206949004e+01
1.756191260204431615e-02 4.160046222735808152e-02 7.420110957262993168e+01
1.055583044697344652e-02 3.805361695169706682e-03 7.492877718121266639e+01
2.550170252843583785e-02 4.756916384823361987e-02 7.411229547456231614e+01
8.923094082873228583e-03 5.544632027783436001e-03 7.488655644154088975e+01
2.275798307375009877e-02 4.453199266946952783e-02 7.415494626934878397e+01
1.509942703067071457e-02 3.876915504822481262e-02 7.424439796821710047e+01
2.011313639220616012e-02 4.160046222735808152e-02 7.419764907166100443e+01
2.275798307375009877e-02 5.737488793967199241e-02 7.405729395849330388e+01
1.272112900019878312e-02 3.603301785830612114e-02 7.428770508564535646e+01
1.756191260204431615e-02 3.876915504822481262e-02 7.424040091168266997e+01
7.242686584054774945e-03 4.632343893629792264e-04 7.508727572963140062e+01
1.156221258704506760e-02 3.338733148458306044e-02 7.432735577007370864e+01
5.512489233419459733e-03 2.112164748850425822e-03 7.504922778619099688e+01
8.923094082873228583e-03 3.805361695169706682e-03 7.493848854675651694e+01
2.011313639220616012e-02 5.398412353422132881e-02 7.409988664647725898e+01
3.730255872238741333e-03 3.805361695169706682e-03 7.501143188575943554e+01
1.509942703067071457e-02 3.603301785830612114e-02 7.428319907375573905e+01
1.756191260204431615e-02 5.071779085007163679e-02 7.414253460047768840e+01
1.509942703067071457e-02 4.756916384823361987e-02 7.418523456727048426e+01
6.050293061070161071e-03 3.876915504822481262e-02 7.435419504593406259e+01
7.242686584054774945e-03 8.244124523194285015e-03 7.482019190359187633e+01
1.272112900019878312e-02 4.453199266946952783e-02 7.422798357711060646e+01
9.540846750148990196e-04 3.805361695169706682e-03 7.507465750383322245e+01
9.689922480620172252e-04 2.477851605758582543e-02 7.449749225217576054e+01
7.242686584054774945e-03 7.331882231641662084e-03 7.484440546312710296e+01
0.000000000000000000e+00 1.202341401676951249e-02 7.476301835094878356e+01
8.923094082873228583e-03 6.432136409836308744e-03 7.486266686479855537e+01
1.042277376066705341e-02 4.160046222735808152e-02 7.427077891440355017e+01
1.055583044697344652e-02 5.544632027783436001e-03 7.488300435215151651e+01
8.200397206739706846e-03 3.876915504822481262e-02 7.431361809185753486e+01
0.000000000000000000e+00 2.953119232188994303e-03 7.514401213229828613e+01
8.923094082873228583e-03 7.331882231641662084e-03 7.484020015951374205e+01
7.242686584054774945e-03 5.544632027783436001e-03 7.489709818943431685e+01
8.200397206739706846e-03 3.469915097822073857e-02 7.433389869340196299e+01
2.953119232188994303e-03 3.338733148458306044e-02 7.441804368020711991e+01
1.893603171785315786e-03 2.112164748850425822e-03 7.513409484186267662e+01
5.512489233419459733e-03 7.331882231641662084e-03 7.485581427964271484e+01
0.000000000000000000e+00 4.632343893629792264e-04 7.528322503278992883e+01
3.730255872238741333e-03 5.544632027783436001e-03 7.494042730032269617e+01
7.116533231668581427e-03 3.876915504822481262e-02 7.433287624951802286e+01
1.518747033697200044e-02 4.632343893629792264e-04 7.501166464268526113e+01
5.512489233419459733e-03 9.169125448195231121e-03 7.480232780610926113e+01
3.730255872238741333e-03 9.169125448195231121e-03 7.481464258330768757e+01
8.200397206739706846e-03 4.160046222735808152e-02 7.431210787273961671e+01
0.000000000000000000e+00 3.805361695169706682e-03 7.510000742177383870e+01
1.368618016573108775e-02 2.112164748850425822e-03 7.496873834221823074e+01
8.200397206739706846e-03 2.714057199107033913e-02 7.443358062222043259e+01
1.214289586382609476e-02 3.805361695169706682e-03 7.492585101588382201e+01
2.818886539816767289e-03 5.544632027783436001e-03 7.495614288514127566e+01
1.055583044697344652e-02 2.112164748850425822e-03 7.497997998267560149e+01
1.893603171785315786e-03 4.632343893629792264e-04 7.522155350507624405e+01
9.540846750148990196e-04 8.244124523194285015e-03 7.488223733708223051e+01
9.745293466223700629e-03 3.805361695169706682e-03 7.493276633167997147e+01
7.116533231668581427e-03 2.957882327724789540e-02 7.439605089084604117e+01
5.512489233419459733e-03 4.632343893629792264e-04 7.512395924372198408e+01
0.000000000000000000e+00 2.112164748850425822e-03 7.518923267049375170e+01
8.923094082873228583e-03 2.112164748850425822e-03 7.499577289692490467e+01
2.818886539816767289e-03 1.300222280647242434e-02 7.471426958674781815e+01
3.730255872238741333e-03 2.112164748850425822e-03 7.508755548350031006e+01
5.001250312578142676e-03 3.338733148458306044e-02 7.438277469628447136e+01
7.242686584054774945e-03 3.805361695169706682e-03 7.495528575323729115e+01
1.893603171785315786e-03 5.544632027783436001e-03 7.497390237813797853e+01
0.000000000000000000e+00 1.010715455523841788e-02 7.482819612412495758e+01
5.512489233419459733e-03 5.544632027783436001e-03 7.491494396463720307e+01
0.000000000000000000e+00 7.331882231641662084e-03 7.493665468925264861e+01
9.540846750148990196e-04 7.331882231641662084e-03 7.491806090385350103e+01
1.893603171785315786e-03 3.805361695169706682e-03 7.505147798476158982e+01
9.302325581395348708e-03 3.738949265161325974e-02 7.430315416474874723e+01
0.000000000000000000e+00 5.544632027783436001e-03 7.501574565245960002e+01
9.540846750148990196e-04 1.399521723080873747e-02 7.469748025993803253e+01
3.968992248062019890e-03 3.603301785830612114e-02 7.439636100896561288e+01
0.000000000000000000e+00 6.432136409836308744e-03 7.497554041322413809e+01
1.893603171785315786e-03 1.202341401676951249e-02 7.474523772277200351e+01
8.200397206739706846e-03 2.957882327724789540e-02 7.439209547121024002e+01
9.540846750148990196e-04 9.169125448195231121e-03 7.484780036261710734e+01
9.689922480620172252e-04 2.957882327724789540e-02 7.446386913407810937e+01
1.893603171785315786e-03 1.010715455523841788e-02 7.480343029378778397e+01
1.042277376066705341e-02 3.876915504822481262e-02 7.428149448643853248e+01
9.689922480620172252e-04 3.082768369211932868e-02 7.446070746242604343e+01
2.818886539816767289e-03 9.169125448195231121e-03 7.482369203792600842e+01
0.000000000000000000e+00 2.957882327724789540e-02 7.448205814662347279e+01
1.893603171785315786e-03 6.432136409836308744e-03 7.493707039316551288e+01
1.953244216565952485e-03 2.957882327724789540e-02 7.444756905558801918e+01
7.116533231668581427e-03 3.209701722854602091e-02 7.436696711446111863e+01
3.730255872238741333e-03 7.331882231641662084e-03 7.487475555494386015e+01
7.116533231668581427e-03 3.338733148458306044e-02 7.435562451724656796e+01
6.050293061070161071e-03 3.469915097822073857e-02 7.436118924688123855e+01
0.000000000000000000e+00 1.811540305118924943e-02 7.460453796761332512e+01
2.818886539816767289e-03 1.105848903968648100e-02 7.476597853499238511e+01
9.689922480620172252e-04 2.714057199107033913e-02 7.447658653871225454e+01
1.893603171785315786e-03 9.169125448195231121e-03 7.483472914720684344e+01
6.383948928408572643e-03 9.169125448195231121e-03 7.479897639852683255e+01
5.001250312578142676e-03 2.957882327724789540e-02 7.441046563610409237e+01
0.000000000000000000e+00 1.105848903968648100e-02 7.479487401840489724e+01
5.512489233419459733e-03 1.105848903968648100e-02 7.475472708578391234e+01
6.050293061070161071e-03 2.477851605758582543e-02 7.447624789496909159e+01
1.953244216565952485e-03 3.338733148458306044e-02 7.443860125793830207e+01
1.893603171785315786e-03 1.105848903968648100e-02 7.477358929925928521e+01
0.000000000000000000e+00 1.399521723080873747e-02 7.470383517839896115e+01
0.000000000000000000e+00 2.714057199107033913e-02 7.449079572184670894e+01
1.272112900019878312e-02 3.338733148458306044e-02 7.432604107053201403e+01
6.050293061070161071e-03 2.957882327724789540e-02 7.440219214930708347e+01
5.001250312578142676e-03 3.082768369211932868e-02 7.439908492867719758e+01
0.000000000000000000e+00 3.082768369211932868e-02 7.448091164779457074e+01
9.540846750148990196e-04 1.105848903968648100e-02 7.478320538227576719e+01
9.540846750148990196e-04 1.602501465702560468e-02 7.464816235203306860e+01
2.953119232188994303e-03 3.209701722854602091e-02 7.442089331322348755e+01
3.968992248062019890e-03 2.248913876820854418e-02 7.451896484662293574e+01
3.730255872238741333e-03 1.202341401676951249e-02 7.473542222075379016e+01
9.689922480620172252e-04 2.834994462901441192e-02 7.446917942524933665e+01
1.893603171785315786e-03 1.399521723080873747e-02 7.469313369222459187e+01
7.116533231668581427e-03 3.603301785830612114e-02 7.433961035599180889e+01
1.893603171785315786e-03 7.331882231641662084e-03 7.490157859929817619e+01
5.001250312578142676e-03 2.714057199107033913e-02 7.443941902480150929e+01
0.000000000000000000e+00 9.169125448195231121e-03 7.486295359623930779e+01
8.200397206739706846e-03 3.603301785830612114e-02 7.432481829878281587e+01
0.000000000000000000e+00 2.248913876820854418e-02 7.453264440071748709e+01
3.730255872238741333e-03 1.105848903968648100e-02 7.476032729506034968e+01
2.953119232188994303e-03 2.477851605758582543e-02 7.448280348130003858e+01
6.383948928408572643e-03 1.105848903968648100e-02 7.475469324907358271e+01
1.953244216565952485e-03 3.209701722854602091e-02 7.443936919631246951e+01
9.689922480620172252e-04 2.248913876820854418e-02 7.452620383377971791e+01
9.540846750148990196e-04 1.500270792411345644e-02 7.467201497701077528e+01
2.953119232188994303e-03 2.834994462901441192e-02 7.444255691022418375e+01
3.968992248062019890e-03 2.957882327724789540e-02 7.442081948150617166e+01
0.000000000000000000e+00 1.300222280647242434e-02 7.473266109899402920e+01
9.302325581395348708e-03 3.082768369211932868e-02 7.437050896595890492e+01
4.628022677311119382e-03 1.105848903968648100e-02 7.475659117050396674e+01
3.968992248062019890e-03 3.209701722854602091e-02 7.440436656750588895e+01
1.272112900019878312e-02 3.876915504822481262e-02 7.425826411790679060e+01
5.001250312578142676e-03 2.595024459151909491e-02 7.445689299135393924e+01
5.001250312578142676e-03 2.834994462901441192e-02 7.442392705433557865e+01
0.000000000000000000e+00 2.026913654820630684e-02 7.456500825626926598e+01
0.000000000000000000e+00 1.602501465702560468e-02 7.465091389776434028e+01
7.116533231668581427e-03 2.834994462901441192e-02 7.441368839716315620e+01
1.042277376066705341e-02 3.338733148458306044e-02 7.433103031307517483e+01
2.953119232188994303e-03 2.714057199107033913e-02 7.445397402282107180e+01
5.001250312578142676e-03 2.477851605758582543e-02 7.447630193672706866e+01
2.818886539816767289e-03 1.500270792411345644e-02 7.466883094152093747e+01
1.893603171785315786e-03 1.602501465702560468e-02 7.464738968560151022e+01
6.050293061070161071e-03 2.714057199107033913e-02 7.443528761256698090e+01
7.116533231668581427e-03 3.082768369211932868e-02 7.438046013626455988e+01
3.968992248062019890e-03 2.714057199107033913e-02 7.444566483485527897e+01
1.042277376066705341e-02 3.082768369211932868e-02 7.436892462014206728e+01
6.050293061070161071e-03 3.209701722854602091e-02 7.437735326823256798e+01
2.953119232188994303e-03 2.137066436729137542e-02 7.454034116243217056e+01
1.953244216565952485e-03 2.477851605758582543e-02 7.448914895912093925e+01
9.689922480620172252e-04 2.362495385751200994e-02 7.451089527253222400e+01
1.042277376066705341e-02 3.603301785830612114e-02 7.430173787825768272e+01
5.001250312578142676e-03 2.362495385751200994e-02 7.449760032199837667e+01
0.000000000000000000e+00 2.477851605758582543e-02 7.450778629487800231e+01
1.953244216565952485e-03 2.248913876820854418e-02 7.452174491995381800e+01
0.000000000000000000e+00 2.834994462901441192e-02 7.448537024026680342e+01
2.953119232188994303e-03 2.957882327724789540e-02 7.443320348641236706e+01
9.302325581395348708e-03 3.338733148458306044e-02 7.433700485504121502e+01
8.200397206739706846e-03 2.834994462901441192e-02 7.441184762598477676e+01
2.953119232188994303e-03 2.595024459151909491e-02 7.446740547492296969e+01
1.953244216565952485e-03 2.026913654820630684e-02 7.456172897488450246e+01
3.968992248062019890e-03 3.338733148458306044e-02 7.439941902523379724e+01
3.968992248062019890e-03 2.477851605758582543e-02 7.447850441239050667e+01
9.689922480620172252e-04 2.137066436729137542e-02 7.454337378683567295e+01
8.200397206739706846e-03 3.338733148458306044e-02 7.434522156007236049e+01
2.953119232188994303e-03 2.362495385751200994e-02 7.450012175924257463e+01
1.953244216565952485e-03 2.714057199107033913e-02 7.446429719888750753e+01
3.968992248062019890e-03 3.082768369211932868e-02 7.441151805442034117e+01
9.689922480620172252e-04 2.595024459151909491e-02 7.448604033207793407e+01
9.540846750148990196e-04 1.300222280647242434e-02 7.472452302827532833e+01
9.689922480620172252e-04 1.918417305722777688e-02 7.458312800075506743e+01
0.000000000000000000e+00 2.595024459151909491e-02 7.449828405242806184e+01
8.200397206739706846e-03 3.209701722854602091e-02 7.435873103228188086e+01
6.050293061070161071e-03 2.595024459151909491e-02 7.445480815879977854e+01
0.000000000000000000e+00 2.137066436729137542e-02 7.454790984630797368e+01
3.730255872238741333e-03 1.300222280647242434e-02 7.471206252200974518e+01
3.968992248062019890e-03 2.362495385751200994e-02 7.449780444073269337e+01
8.200397206739706846e-03 3.082768369211932868e-02 7.437437308740933872e+01
1.953244216565952485e-03 2.595024459151909491e-02 7.447573190856829228e+01
3.968992248062019890e-03 2.834994462901441192e-02 7.443221859773221638e+01
2.953119232188994303e-03 3.082768369211932868e-02 7.442596472929598406e+01
1.893603171785315786e-03 1.500270792411345644e-02 7.466944909099547090e+01
6.050293061070161071e-03 3.603301785830612114e-02 7.435649882765319774e+01
0.000000000000000000e+00 1.918417305722777688e-02 7.458389781394463114e+01
0.000000000000000000e+00 1.706246667486976953e-02 7.462688938297557684e+01
6.050293061070161071e-03 3.082768369211932868e-02 7.438871514074342883e+01
1.893603171785315786e-03 1.300222280647242434e-02 7.471840804306154382e+01
3.968992248062019890e-03 2.595024459151909491e-02 7.446110924015832211e+01
1.953244216565952485e-03 3.082768369211932868e-02 7.444237675537826249e+01
9.540846750148990196e-04 1.706246667486976953e-02 7.462595861332853531e+01
0.000000000000000000e+00 1.500270792411345644e-02 7.467657447837356699e+01
0.000000000000000000e+00 2.362495385751200994e-02 7.451925505084950885e+01
1.953244216565952485e-03 2.137066436729137542e-02 7.454083483114361286e+01
1.953244216565952485e-03 2.834994462901441192e-02 7.445489299928165394e+01
1.953244216565952485e-03 2.362495385751200994e-02 7.450450169595104910e+01
6.050293061070161071e-03 2.834994462901441192e-02 7.441773288954517795e+01
6.050293061070161071e-03 3.338733148458306044e-02 7.436815966114501464e+01
