5.512489233419459733e-03 1.992936797526406734e-03 6.570061665062145551e+01
8.760920388827364569e-02 1.280168813469907962e-01 6.421792333163311639e+01
3.357340517162388238e-02 7.586904222307450096e-02 6.471305312029328149e+01
3.585358851004527558e-03 2.912819604456801104e-03 6.569509330404251557e+01
8.462835583700306641e-02 1.209169408089928177e-01 6.425042664290727146e+01
7.891166094415535959e-02 1.142060381086933418e-01 6.429260979732767112e+01
3.526807627832884151e-02 7.586904222307450096e-02 6.468659977914413162e+01
3.191441135137584872e-02 7.137690626857984277e-02 6.472645004829185211e+01
7.891166094415535959e-02 1.018300876743748473e-01 6.438501149786348776e+01
1.594521679088273247e-03 8.727040704749694511e-03 6.552953212170382358e+01
2.869904188532815259e-02 6.708222683955747390e-02 6.476647262988001330e+01
8.462835583700306641e-02 1.078530502190765128e-01 6.434487060067904451e+01
4.632343893629792264e-04 1.078530502190766516e-02 6.548957100836234702e+01
8.462835583700306641e-02 9.611208525851880347e-02 6.450782031192720467e+01
2.714057199107033913e-02 4.816012440475594958e-02 6.487484861728849239e+01
7.891166094415535959e-02 9.067645333233470550e-02 6.454241394134059817e+01
5.446073700486700475e-02 7.137690626857984277e-02 6.464976668255440018e+01
7.349985644559287046e-02 8.550277957126789508e-02 6.457760967075306269e+01
5.026093124588337790e-02 6.708222683955747390e-02 6.468923896073430058e+01
6.836918464825442188e-02 8.057257281072185973e-02 6.461334843208494760e+01
3.876915504822481262e-02 6.297226480533177351e-02 6.470704504256551104e+01
6.349829370141410467e-02 7.586904222307450096e-02 6.464957838849498728e+01
2.561358633710056343e-02 6.297226480533177351e-02 6.480665411810882404e+01
3.526807627832884151e-02 5.903535380412608391e-02 6.474912106387803590e+01
2.265032704820868492e-02 5.343128151159351469e-02 6.485366138398885028e+01
3.191441135137584872e-02 5.526078964833094909e-02 6.479122682132781108e+01
2.869904188532815259e-02 5.163873313519420916e-02 6.483336095243176089e+01
2.265032704820868492e-02 5.903535380412608391e-02 6.484698248758242300e+01
5.923508167490210141e-03 3.850454690064225582e-02 6.511156492526897921e+01
1.841913469820447014e-02 3.850454690064225582e-02 6.500075798271386418e+01
3.585358851004527558e-03 4.793468898625613539e-03 6.562987222261052978e+01
1.980214578995342922e-02 4.647197605027855727e-02 6.491408288850382746e+01
1.980214578995342922e-02 5.526078964833094909e-02 6.488744692570064387e+01
4.632343893629792264e-04 4.793468898625613539e-03 6.569202522426948576e+01
2.561358633710056343e-02 4.816012440475594958e-02 6.487552222873766539e+01
1.841913469820447014e-02 4.003790118981756518e-02 6.498103714714721946e+01
2.598099433783765400e-03 5.754845590047741322e-03 6.561030100061132941e+01
1.594521679088273247e-03 6.884237248026142675e-04 6.588477083667400791e+01
1.594521679088273247e-03 6.730679073822076752e-03 6.559077449538555982e+01
4.632343893629792264e-04 1.086289714436750042e-03 6.585146097970974211e+01
3.585358851004527558e-03 6.884237248026142675e-04 6.583961475806898989e+01
4.632343893629792264e-04 3.124849535365206710e-02 6.521338777448907820e+01
4.632343893629792264e-04 2.089652847994608043e-02 6.528166568428498806e+01
1.594521679088273247e-03 1.086289714436750042e-03 6.580434430575357396e+01
1.094081832587069647e-02 2.912819604456801104e-03 6.563202566956636019e+01
1.594521679088273247e-03 1.509942703067071457e-02 6.537902110444549919e+01
2.265032704820868492e-02 4.481660727549974244e-02 6.491770953991822068e+01
9.187482055699108807e-03 4.793468898625613539e-03 6.559019517997342064e+01
1.594521679088273247e-03 4.793468898625613539e-03 6.565713924175416594e+01
4.632343893629792264e-04 1.925947325340654492e-04 6.589413603943185649e+01
4.632343893629792264e-04 6.730679073822076752e-03 6.561942462504829621e+01
7.378922595915812788e-03 6.730679073822076752e-03 6.554841404806262517e+01
1.518270339712995964e-03 1.969878024662471971e-02 6.529574042831696090e+01
4.632343893629792264e-04 8.727040704749694511e-03 6.555186109552261087e+01
1.509854587829963235e-02 6.884237248026142675e-04 6.571562578744151040e+01
1.518270339712995964e-03 2.461261915255849586e-02 6.523211255690749510e+01
1.429163875330972944e-02 1.086289714436750042e-03 6.567449520862923862e+01
4.632343893629792264e-04 2.912819604456801104e-03 6.576944049198897346e+01
1.573139616140933894e-02 4.481660727549974244e-02 6.495854512362889466e+01
1.094081832587069647e-02 4.793468898625613539e-03 6.558992535731550788e+01
5.923508167490210141e-03 2.589402972932139391e-02 6.519250014839202834e+01
9.187482055699108807e-03 6.730679073822076752e-03 6.554768289193405906e+01
7.378922595915812788e-03 7.721297913411168112e-03 6.552625437229993111e+01
2.121227474624648446e-02 4.481660727549974244e-02 6.492114846262587946e+01
5.512489233419459733e-03 8.727040704749694511e-03 6.550668463691197019e+01
3.585358851004527558e-03 1.078530502190766516e-02 6.546500949916074319e+01
4.632343893629792264e-04 1.736171052307086682e-02 6.533693892184426488e+01
1.594521679088273247e-03 1.290839656165324034e-02 6.542339139581422103e+01
4.632343893629792264e-04 1.509942703067071457e-02 6.538183331726274616e+01
5.923508167490210141e-03 3.699958806126651956e-02 6.511204196937045197e+01
1.841913469820447014e-02 4.319307251562054528e-02 6.494822156007235492e+01
1.841913469820447014e-02 4.481660727549974244e-02 6.493525734532751414e+01
1.064912692819669493e-02 3.124849535365206710e-02 6.510784970164539232e+01
3.682913065431114852e-03 2.211440693567620630e-02 6.525351069537384774e+01
2.121227474624648446e-02 4.816012440475594958e-02 6.489291251309056463e+01
8.244124523194285015e-03 2.719772570741929574e-02 6.516913573258402437e+01
3.682913065431114852e-03 2.335292739913055748e-02 6.523485616403895904e+01
2.869904188532815259e-02 5.526078964833094909e-02 6.479989241553542456e+01
3.682913065431114852e-03 3.264740979604477400e-02 6.515634990748192479e+01
4.632343893629792264e-04 1.290839656165324034e-02 6.543280582424280567e+01
2.561358633710056343e-02 5.163873313519420916e-02 6.484225523934797764e+01
1.188472449406949294e-02 3.124849535365206710e-02 6.510593298426753961e+01
1.518270339712995964e-03 1.399521723080873747e-02 6.541241941673848714e+01
1.573139616140933894e-02 3.552224314554905393e-02 6.504280242131673617e+01
3.682913065431114852e-03 2.589402972932139391e-02 6.520288324335767527e+01
1.064912692819669493e-02 4.319307251562054528e-02 6.503001154592396915e+01
5.923508167490210141e-03 2.852429354478208667e-02 6.516040627207232205e+01
2.561358633710056343e-02 5.903535380412608391e-02 6.480713408504264805e+01
2.265032704820868492e-02 5.526078964833094909e-02 6.484862292671888895e+01
1.706246667486976953e-02 5.163873313519420916e-02 6.492803768833222477e+01
1.573139616140933894e-02 4.988203572632288196e-02 6.494837765742511237e+01
1.314320349634734431e-02 4.003790118981756518e-02 6.500914396680391860e+01
1.442520547063039227e-02 4.647197605027855727e-02 6.496984132705360082e+01
1.518270339712995964e-03 2.987434045891235179e-02 6.519797329477874825e+01
1.518270339712995964e-03 3.124849535365206710e-02 6.519442094945004840e+01
2.591341092633092646e-03 1.969878024662471971e-02 6.529489291193421252e+01
1.314320349634734431e-02 3.264740979604477400e-02 6.508488120400717492e+01
3.682913065431114852e-03 3.552224314554905393e-02 6.515221365257407626e+01
8.244124523194285015e-03 2.852429354478208667e-02 6.515016447476580197e+01
4.632343893629792264e-04 1.969878024662471971e-02 6.529842721540433104e+01
1.518270339712995964e-03 2.589402972932139391e-02 6.522069260177057970e+01
4.632343893629792264e-04 2.589402972932139391e-02 6.523226341860249988e+01
1.442520547063039227e-02 3.407175904648099274e-02 6.506383761992414350e+01
5.923508167490210141e-03 2.461261915255849586e-02 6.521130876683628230e+01
1.573139616140933894e-02 3.699958806126651956e-02 6.502328534390203174e+01
5.923508167490210141e-03 3.552224314554905393e-02 6.511478651189516142e+01
3.682913065431114852e-03 3.407175904648099274e-02 6.515319055488406264e+01
1.064912692819669493e-02 4.160046222735808152e-02 6.503185419680383461e+01
1.573139616140933894e-02 4.319307251562054528e-02 6.496690024132838914e+01
2.591341092633092646e-03 2.589402972932139391e-02 6.521088379404881152e+01
1.064912692819669493e-02 3.407175904648099274e-02 6.507549225217576350e+01
1.188472449406949294e-02 4.003790118981756518e-02 6.502158833901032153e+01
1.573139616140933894e-02 4.003790118981756518e-02 6.499063169832719211e+01
4.793468898625613539e-03 3.124849535365206710e-02 6.514790168438192097e+01
7.073548131378976089e-03 2.461261915255849586e-02 6.521091615021647669e+01
2.591341092633092646e-03 3.407175904648099274e-02 6.517257906826384328e+01
1.188472449406949294e-02 4.319307251562054528e-02 6.501116456229860319e+01
1.442520547063039227e-02 4.319307251562054528e-02 6.497955058837028730e+01
1.980214578995342922e-02 4.003790118981756518e-02 6.497974916789596023e+01
1.518270339712995964e-03 2.719772570741929574e-02 6.521116221380334821e+01
9.435792381528806949e-03 2.719772570741929574e-02 6.516898914475125082e+01
1.442520547063039227e-02 4.816012440475594958e-02 6.496874597514396044e+01
4.793468898625613539e-03 3.699958806126651956e-02 6.513187531009597819e+01
2.591341092633092646e-03 3.124849535365206710e-02 6.517715431135640358e+01
2.591341092633092646e-03 2.211440693567620630e-02 6.525604163787330947e+01
1.980214578995342922e-02 4.160046222735808152e-02 6.495992188002657031e+01
5.923508167490210141e-03 3.407175904648099274e-02 6.511973587753676895e+01
7.073548131378976089e-03 4.003790118981756518e-02 6.509128342372885356e+01
8.244124523194285015e-03 3.407175904648099274e-02 6.509369941626695777e+01
5.923508167490210141e-03 3.124849535365206710e-02 6.513600975236691681e+01
1.188472449406949294e-02 3.407175904648099274e-02 6.506946150889397984e+01
1.314320349634734431e-02 4.481660727549974244e-02 6.499049340655426477e+01
1.706246667486976953e-02 4.319307251562054528e-02 6.495643585168829759e+01
8.244124523194285015e-03 3.552224314554905393e-02 6.508470890059784608e+01
1.064912692819669493e-02 3.552224314554905393e-02 6.506238809958416880e+01
1.314320349634734431e-02 4.160046222735808152e-02 6.500056506601877970e+01
4.632343893629792264e-04 2.211440693567620630e-02 6.526662355304189589e+01
1.841913469820447014e-02 4.160046222735808152e-02 6.496350367180765772e+01
3.682913065431114852e-03 2.852429354478208667e-02 6.517834100036846223e+01
7.073548131378976089e-03 2.852429354478208667e-02 6.515429783337633296e+01
4.793468898625613539e-03 2.589402972932139391e-02 6.519673883177348728e+01
7.073548131378976089e-03 3.699958806126651956e-02 6.509402840496676390e+01
9.435792381528806949e-03 3.699958806126651956e-02 6.506366045003950660e+01
8.244124523194285015e-03 2.987434045891235179e-02 6.513308301066574302e+01
3.682913065431114852e-03 2.719772570741929574e-02 6.518965876379225222e+01
8.244124523194285015e-03 3.124849535365206710e-02 6.511794259658547901e+01
1.314320349634734431e-02 3.552224314554905393e-02 6.504826207424186180e+01
3.682913065431114852e-03 2.987434045891235179e-02 6.516898120461878818e+01
1.064912692819669493e-02 3.850454690064225582e-02 6.504262019974616749e+01
5.923508167490210141e-03 2.987434045891235179e-02 6.514721997911654228e+01
4.632343893629792264e-04 2.987434045891235179e-02 6.521506532164623593e+01
9.435792381528806949e-03 2.852429354478208667e-02 6.514806041772335732e+01
1.573139616140933894e-02 4.160046222735808152e-02 6.497761837703679078e+01
1.573139616140933894e-02 3.850454690064225582e-02 6.500587495228305102e+01
4.632343893629792264e-04 2.461261915255849586e-02 6.524187587274438727e+01
2.265032704820868492e-02 4.816012440475594958e-02 6.488463162661835781e+01
1.064912692819669493e-02 3.699958806126651956e-02 6.505141060003680309e+01
4.793468898625613539e-03 2.852429354478208667e-02 6.516843748547536563e+01
2.591341092633092646e-03 2.852429354478208667e-02 6.519006809612938014e+01
1.064912692819669493e-02 2.987434045891235179e-02 6.512699277981703005e+01
8.244124523194285015e-03 4.003790118981756518e-02 6.507098039857797289e+01
8.244124523194285015e-03 3.264740979604477400e-02 6.510479636597375475e+01
9.435792381528806949e-03 2.589402972932139391e-02 6.519174160605199120e+01
7.073548131378976089e-03 3.407175904648099274e-02 6.510576537053800905e+01
1.518270339712995964e-03 2.211440693567620630e-02 6.526042841134783146e+01
8.244124523194285015e-03 3.699958806126651956e-02 6.507788412469386685e+01
1.980214578995342922e-02 5.163873313519420916e-02 6.489017747044270834e+01
8.244124523194285015e-03 3.850454690064225582e-02 6.507328664931141304e+01
2.265032704820868492e-02 5.163873313519420916e-02 6.486139655114237712e+01
1.706246667486976953e-02 4.003790118981756518e-02 6.498468731793902009e+01
1.980214578995342922e-02 4.481660727549974244e-02 6.492702154124597769e+01
7.073548131378976089e-03 3.850454690064225582e-02 6.509149996298633312e+01
1.188472449406949294e-02 3.699958806126651956e-02 6.504118977982952288e+01
1.706246667486976953e-02 4.647197605027855727e-02 6.493754889991555501e+01
9.435792381528806949e-03 3.407175904648099274e-02 6.508359030297337711e+01
1.188472449406949294e-02 3.264740979604477400e-02 6.508670034067768029e+01
2.591341092633092646e-03 2.461261915255849586e-02 6.522412670393426026e+01
1.442520547063039227e-02 3.552224314554905393e-02 6.504441807522592001e+01
2.591341092633092646e-03 2.089652847994608043e-02 6.527462215088321784e+01
5.923508167490210141e-03 3.264740979604477400e-02 6.512682968693218299e+01
1.706246667486976953e-02 4.816012440475594958e-02 6.493179359214558133e+01
1.518270339712995964e-03 3.264740979604477400e-02 6.519297071173082259e+01
4.632343893629792264e-04 2.719772570741929574e-02 6.522455669223745645e+01
1.706246667486976953e-02 4.481660727549974244e-02 6.494578721413490996e+01
5.923508167490210141e-03 2.719772570741929574e-02 6.517551644732353111e+01
1.442520547063039227e-02 4.003790118981756518e-02 6.499880489207238554e+01
2.591341092633092646e-03 2.987434045891235179e-02 6.518259691146822377e+01
3.682913065431114852e-03 2.461261915255849586e-02 6.521796496671002785e+01
9.435792381528806949e-03 3.264740979604477400e-02 6.509671575578619240e+01
9.435792381528806949e-03 4.160046222735808152e-02 6.505048400502685979e+01
2.591341092633092646e-03 3.264740979604477400e-02 6.517379583339977955e+01
1.064912692819669493e-02 4.003790118981756518e-02 6.503607966541466112e+01
1.314320349634734431e-02 3.850454690064225582e-02 6.501999536867303675e+01
1.442520547063039227e-02 3.699958806126651956e-02 6.502706654671969488e+01
1.706246667486976953e-02 4.160046222735808152e-02 6.496942494725831807e+01
4.793468898625613539e-03 3.407175904648099274e-02 6.513556049683695903e+01
4.793468898625613539e-03 3.552224314554905393e-02 6.513260572167133944e+01
9.435792381528806949e-03 4.003790118981756518e-02 6.505256174032471961e+01
1.188472449406949294e-02 4.481660727549974244e-02 6.500956382158457814e+01
9.435792381528806949e-03 2.987434045891235179e-02 6.512900443886780977e+01
7.073548131378976089e-03 3.552224314554905393e-02 6.509880424682746991e+01
4.793468898625613539e-03 3.264740979604477400e-02 6.514067871940962107e+01
9.435792381528806949e-03 3.850454690064225582e-02 6.505697582231395870e+01
2.591341092633092646e-03 2.719772570741929574e-02 6.519951429000984433e+01
1.980214578995342922e-02 4.816012440475594958e-02 6.490357936245749215e+01
1.188472449406949294e-02 3.552224314554905393e-02 6.505427209018351675e+01
4.793468898625613539e-03 2.461261915255849586e-02 6.521367564657721516e+01
1.314320349634734431e-02 3.699958806126651956e-02 6.503305527424664945e+01
9.435792381528806949e-03 3.124849535365206710e-02 6.511187200068221159e+01
7.073548131378976089e-03 2.719772570741929574e-02 6.517132973501857407e+01
7.073548131378976089e-03 3.124849535365206710e-02 6.512600626545177818e+01
9.435792381528806949e-03 3.552224314554905393e-02 6.507255227808725806e+01
1.706246667486976953e-02 3.850454690064225582e-02 6.500215833558397094e+01
1.442520547063039227e-02 3.850454690064225582e-02 6.501184180881023167e+01
7.073548131378976089e-03 2.987434045891235179e-02 6.513917277015208640e+01
7.073548131378976089e-03 3.264740979604477400e-02 6.511485193355377987e+01
1.064912692819669493e-02 3.264740979604477400e-02 6.509066482571448375e+01
1.188472449406949294e-02 3.850454690064225582e-02 6.503027446677442924e+01
4.793468898625613539e-03 2.211440693567620630e-02 6.525288472366239034e+01
4.793468898625613539e-03 2.719772570741929574e-02 6.518164309794023836e+01
1.188472449406949294e-02 4.160046222735808152e-02 6.501519599510693581e+01
4.793468898625613539e-03 2.987434045891235179e-02 6.515717279838382581e+01
1.442520547063039227e-02 4.160046222735808152e-02 6.498801919269649829e+01
1.442520547063039227e-02 4.481660727549974244e-02 6.497346756104298038e+01
