2.411714039621015715e-02 6.271035546001346717e-02 7.404084647220712156e+01
2.275798307375009877e-02 6.089733251620810250e-02 7.406154756651766036e+01
2.011313639220616012e-02 5.737488793967199241e-02 7.410304184676250827e+01
2.818886539816767289e-03 3.451697803857206592e-04 7.523789782001931314e+01
1.756191260204431615e-02 5.398412353422132881e-02 7.414465199232265036e+01
1.509942703067071457e-02 5.071779085007163679e-02 7.418637034916257278e+01
1.272112900019878312e-02 4.756916384823361987e-02 7.422818993931696241e+01
1.042277376066705341e-02 4.453199266946952783e-02 7.427010439026014410e+01
8.200397206739706846e-03 4.160046222735808152e-02 7.431210787273961671e+01
6.050293061070161071e-03 3.876915504822481262e-02 7.435419504593406259e+01
8.088978766430734990e-03 3.451697803857206592e-04 7.510639000532519560e+01
3.438483383222043499e-02 5.071779085007163679e-02 7.410346337960911001e+01
9.302325581395348708e-03 3.082768369211932868e-02 7.437050896595890492e+01
1.368618016573108775e-02 4.632343893629792264e-04 7.501341489744903868e+01
3.130879807330472220e-02 4.756916384823361987e-02 7.414335820954174494e+01
1.214289586382609476e-02 2.112164748850425822e-03 7.497106436467834101e+01
9.689922480620172252e-04 3.082768369211932868e-02 7.446070746242604343e+01
1.055583044697344652e-02 3.805361695169706682e-03 7.492877718121266639e+01
2.550170252843583785e-02 4.305336985875540812e-02 7.419235283041903983e+01
2.275798307375009877e-02 4.453199266946952783e-02 7.415494626934878397e+01
2.011313639220616012e-02 4.160046222735808152e-02 7.419764907166100443e+01
1.756191260204431615e-02 3.876915504822481262e-02 7.424040091168266997e+01
1.509942703067071457e-02 3.603301785830612114e-02 7.428319907375573905e+01
1.518747033697200044e-02 4.632343893629792264e-04 7.501166464268526113e+01
1.272112900019878312e-02 3.338733148458306044e-02 7.432604107053201403e+01
1.368618016573108775e-02 2.112164748850425822e-03 7.496873834221823074e+01
5.001250312578142676e-03 3.338733148458306044e-02 7.438277469628447136e+01
1.214289586382609476e-02 3.805361695169706682e-03 7.492585101588382201e+01
3.968992248062019890e-03 3.603301785830612114e-02 7.439636100896561288e+01
5.512489233419459733e-03 4.632343893629792264e-04 7.512395924372198408e+01
1.042277376066705341e-02 3.082768369211932868e-02 7.436892462014206728e+01
5.512489233419459733e-03 2.953119232188994303e-03 7.501372115384671702e+01
7.242686584054774945e-03 4.632343893629792264e-04 7.508727572963140062e+01
2.818886539816767289e-03 4.669120948190719211e-03 7.499263289505481112e+01
5.512489233419459733e-03 2.112164748850425822e-03 7.504922778619099688e+01
1.893603171785315786e-03 1.282275456082060394e-03 7.517723099837084533e+01
1.893603171785315786e-03 2.953119232188994303e-03 7.509216897439772254e+01
1.055583044697344652e-02 4.632343893629792264e-04 7.503639792168009137e+01
6.050293061070161071e-03 3.603301785830612114e-02 7.435649882765319774e+01
8.923094082873228583e-03 2.112164748850425822e-03 7.499577289692490467e+01
3.968992248062019890e-03 3.469915097822073857e-02 7.439673125975821222e+01
9.689922480620172252e-04 2.834994462901441192e-02 7.446917942524933665e+01
0.000000000000000000e+00 2.953119232188994303e-03 7.514401213229828613e+01
1.214289586382609476e-02 4.669120948190719211e-03 7.490529564094876491e+01
1.893603171785315786e-03 4.669120948190719211e-03 7.501204713391317114e+01
1.055583044697344652e-02 5.544632027783436001e-03 7.488300435215151651e+01
1.953244216565952485e-03 2.957882327724789540e-02 7.444756905558801918e+01
3.730255872238741333e-03 4.632343893629792264e-04 7.516859557080094589e+01
1.893603171785315786e-03 2.112164748850425822e-03 7.513409484186267662e+01
0.000000000000000000e+00 2.834994462901441192e-02 7.448537024026680342e+01
8.923094082873228583e-03 5.544632027783436001e-03 7.488655644154088975e+01
7.116533231668581427e-03 3.603301785830612114e-02 7.433961035599180889e+01
6.050293061070161071e-03 3.338733148458306044e-02 7.436815966114501464e+01
2.953119232188994303e-03 2.714057199107033913e-02 7.445397402282107180e+01
1.953244216565952485e-03 3.082768369211932868e-02 7.444237675537826249e+01
3.968992248062019890e-03 3.338733148458306044e-02 7.439941902523379724e+01
2.953119232188994303e-03 3.338733148458306044e-02 7.441804368020711991e+01
7.242686584054774945e-03 3.805361695169706682e-03 7.495528575323729115e+01
9.540846750148990196e-04 4.632343893629792264e-04 7.525127461517682548e+01
1.214289586382609476e-02 4.632343893629792264e-04 7.502156749276834091e+01
0.000000000000000000e+00 4.632343893629792264e-04 7.528322503278992883e+01
0.000000000000000000e+00 2.112164748850425822e-03 7.518923267049375170e+01
1.055583044697344652e-02 2.112164748850425822e-03 7.497997998267560149e+01
9.540846750148990196e-04 2.112164748850425822e-03 7.516056382900652011e+01
7.242686584054774945e-03 2.112164748850425822e-03 7.501874782632543770e+01
8.923094082873228583e-03 3.805361695169706682e-03 7.493848854675651694e+01
8.200397206739706846e-03 3.338733148458306044e-02 7.434522156007236049e+01
1.893603171785315786e-03 4.632343893629792264e-04 7.522155350507624405e+01
5.512489233419459733e-03 3.805361695169706682e-03 7.497948749283747816e+01
7.242686584054774945e-03 1.010715455523841788e-02 7.477618207989189614e+01
3.730255872238741333e-03 2.112164748850425822e-03 7.508755548350031006e+01
8.923094082873228583e-03 6.432136409836308744e-03 7.486266686479855537e+01
3.968992248062019890e-03 2.714057199107033913e-02 7.444566483485527897e+01
7.242686584054774945e-03 9.169125448195231121e-03 7.479744037700019987e+01
8.923094082873228583e-03 7.331882231641662084e-03 7.484020015951374205e+01
3.968992248062019890e-03 2.957882327724789540e-02 7.442081948150617166e+01
9.540846750148990196e-04 6.432136409836308744e-03 7.495524229757117496e+01
3.730255872238741333e-03 3.805361695169706682e-03 7.501143188575943554e+01
4.628022677311119382e-03 1.010715455523841788e-02 7.478131765733213854e+01
5.512489233419459733e-03 5.544632027783436001e-03 7.491494396463720307e+01
6.383948928408572643e-03 9.169125448195231121e-03 7.479897639852683255e+01
7.242686584054774945e-03 7.331882231641662084e-03 7.484440546312710296e+01
7.116533231668581427e-03 3.082768369211932868e-02 7.438046013626455988e+01
3.968992248062019890e-03 2.248913876820854418e-02 7.451896484662293574e+01
9.540846750148990196e-04 7.331882231641662084e-03 7.491806090385350103e+01
5.001250312578142676e-03 2.595024459151909491e-02 7.445689299135393924e+01
9.689922480620172252e-04 2.714057199107033913e-02 7.447658653871225454e+01
9.540846750148990196e-04 1.010715455523841788e-02 7.481477956596974366e+01
1.893603171785315786e-03 6.432136409836308744e-03 7.493707039316551288e+01
5.001250312578142676e-03 3.082768369211932868e-02 7.439908492867719758e+01
4.628022677311119382e-03 3.805361695169706682e-03 7.499446992600836381e+01
1.042277376066705341e-02 3.338733148458306044e-02 7.433103031307517483e+01
2.953119232188994303e-03 2.834994462901441192e-02 7.444255691022418375e+01
2.818886539816767289e-03 7.331882231641662084e-03 7.488715918582234110e+01
7.242686584054774945e-03 5.544632027783436001e-03 7.489709818943431685e+01
8.200397206739706846e-03 3.082768369211932868e-02 7.437437308740933872e+01
0.000000000000000000e+00 1.010715455523841788e-02 7.482819612412495758e+01
9.689922480620172252e-04 2.595024459151909491e-02 7.448604033207793407e+01
1.893603171785315786e-03 8.244124523194285015e-03 7.486745518760122309e+01
5.512489233419459733e-03 1.010715455523841788e-02 7.477777602764250275e+01
4.628022677311119382e-03 7.331882231641662084e-03 7.486432202340516540e+01
4.628022677311119382e-03 6.432136409836308744e-03 7.489483006314482338e+01
9.689922480620172252e-04 2.477851605758582543e-02 7.449749225217576054e+01
0.000000000000000000e+00 1.811540305118924943e-02 7.460453796761332512e+01
9.540846750148990196e-04 1.399521723080873747e-02 7.469748025993803253e+01
3.730255872238741333e-03 5.544632027783436001e-03 7.494042730032269617e+01
0.000000000000000000e+00 8.244124523194285015e-03 7.489911623639696359e+01
2.818886539816767289e-03 1.202341401676951249e-02 7.473935724263208158e+01
0.000000000000000000e+00 1.399521723080873747e-02 7.470383517839896115e+01
2.818886539816767289e-03 1.500270792411345644e-02 7.466883094152093747e+01
0.000000000000000000e+00 5.544632027783436001e-03 7.501574565245960002e+01
9.689922480620172252e-04 2.026913654820630684e-02 7.456236233870353658e+01
3.968992248062019890e-03 3.082768369211932868e-02 7.441151805442034117e+01
2.818886539816767289e-03 3.805361695169706682e-03 7.503041891953895970e+01
5.512489233419459733e-03 8.244124523194285015e-03 7.482835080219895474e+01
5.001250312578142676e-03 2.362495385751200994e-02 7.449760032199837667e+01
2.953119232188994303e-03 2.595024459151909491e-02 7.446740547492296969e+01
1.893603171785315786e-03 3.805361695169706682e-03 7.505147798476158982e+01
1.953244216565952485e-03 3.209701722854602091e-02 7.443936919631246951e+01
9.689922480620172252e-04 2.248913876820854418e-02 7.452620383377971791e+01
5.001250312578142676e-03 2.834994462901441192e-02 7.442392705433557865e+01
1.953244216565952485e-03 2.248913876820854418e-02 7.452174491995381800e+01
9.540846750148990196e-04 5.544632027783436001e-03 7.499375354477415101e+01
6.050293061070161071e-03 2.714057199107033913e-02 7.443528761256698090e+01
9.540846750148990196e-04 1.602501465702560468e-02 7.464816235203306860e+01
0.000000000000000000e+00 3.805361695169706682e-03 7.510000742177383870e+01
2.818886539816767289e-03 1.010715455523841788e-02 7.479410073435154516e+01
8.200397206739706846e-03 2.834994462901441192e-02 7.441184762598477676e+01
1.953244216565952485e-03 2.477851605758582543e-02 7.448914895912093925e+01
1.893603171785315786e-03 1.602501465702560468e-02 7.464738968560151022e+01
1.893603171785315786e-03 5.544632027783436001e-03 7.497390237813797853e+01
2.953119232188994303e-03 2.137066436729137542e-02 7.454034116243217056e+01
6.050293061070161071e-03 2.595024459151909491e-02 7.445480815879977854e+01
2.818886539816767289e-03 1.105848903968648100e-02 7.476597853499238511e+01
3.730255872238741333e-03 8.244124523194285015e-03 7.484398960537718892e+01
0.000000000000000000e+00 1.602501465702560468e-02 7.465091389776434028e+01
3.968992248062019890e-03 2.477851605758582543e-02 7.447850441239050667e+01
1.953244216565952485e-03 3.338733148458306044e-02 7.443860125793830207e+01
4.628022677311119382e-03 1.105848903968648100e-02 7.475659117050396674e+01
3.730255872238741333e-03 1.202341401676951249e-02 7.473542222075379016e+01
9.689922480620172252e-04 2.137066436729137542e-02 7.454337378683567295e+01
0.000000000000000000e+00 3.082768369211932868e-02 7.448091164779457074e+01
2.818886539816767289e-03 1.300222280647242434e-02 7.471426958674781815e+01
0.000000000000000000e+00 2.026913654820630684e-02 7.456500825626926598e+01
3.730255872238741333e-03 1.010715455523841788e-02 7.478674476471552168e+01
0.000000000000000000e+00 2.714057199107033913e-02 7.449079572184670894e+01
2.818886539816767289e-03 5.544632027783436001e-03 7.495614288514127566e+01
2.953119232188994303e-03 3.082768369211932868e-02 7.442596472929598406e+01
1.893603171785315786e-03 1.202341401676951249e-02 7.474523772277200351e+01
9.540846750148990196e-04 1.706246667486976953e-02 7.462595861332853531e+01
3.730255872238741333e-03 1.399521723080873747e-02 7.469028214714309399e+01
6.050293061070161071e-03 2.834994462901441192e-02 7.441773288954517795e+01
5.512489233419459733e-03 7.331882231641662084e-03 7.485581427964271484e+01
2.953119232188994303e-03 2.362495385751200994e-02 7.450012175924257463e+01
2.818886539816767289e-03 1.399521723080873747e-02 7.469074925754780736e+01
3.730255872238741333e-03 6.432136409836308744e-03 7.490691099534532782e+01
5.512489233419459733e-03 9.169125448195231121e-03 7.480232780610926113e+01
1.953244216565952485e-03 2.834994462901441192e-02 7.445489299928165394e+01
9.540846750148990196e-04 1.105848903968648100e-02 7.478320538227576719e+01
4.628022677311119382e-03 1.300222280647242434e-02 7.471174307709317475e+01
6.050293061070161071e-03 3.082768369211932868e-02 7.438871514074342883e+01
1.953244216565952485e-03 2.026913654820630684e-02 7.456172897488450246e+01
9.540846750148990196e-04 9.169125448195231121e-03 7.484780036261710734e+01
9.689922480620172252e-04 2.362495385751200994e-02 7.451089527253222400e+01
1.893603171785315786e-03 1.399521723080873747e-02 7.469313369222459187e+01
9.540846750148990196e-04 1.202341401676951249e-02 7.475310912704792088e+01
1.953244216565952485e-03 2.714057199107033913e-02 7.446429719888750753e+01
0.000000000000000000e+00 1.202341401676951249e-02 7.476301835094878356e+01
3.968992248062019890e-03 2.834994462901441192e-02 7.443221859773221638e+01
3.730255872238741333e-03 9.169125448195231121e-03 7.481464258330768757e+01
5.512489233419459733e-03 1.105848903968648100e-02 7.475472708578391234e+01
3.968992248062019890e-03 2.362495385751200994e-02 7.449780444073269337e+01
9.540846750148990196e-04 1.300222280647242434e-02 7.472452302827532833e+01
1.893603171785315786e-03 1.010715455523841788e-02 7.480343029378778397e+01
0.000000000000000000e+00 2.477851605758582543e-02 7.450778629487800231e+01
0.000000000000000000e+00 7.331882231641662084e-03 7.493665468925264861e+01
4.628022677311119382e-03 9.169125448195231121e-03 7.480753573722522276e+01
0.000000000000000000e+00 2.362495385751200994e-02 7.451925505084950885e+01
3.730255872238741333e-03 1.105848903968648100e-02 7.476032729506034968e+01
3.730255872238741333e-03 7.331882231641662084e-03 7.487475555494386015e+01
0.000000000000000000e+00 9.169125448195231121e-03 7.486295359623930779e+01
9.689922480620172252e-04 1.918417305722777688e-02 7.458312800075506743e+01
3.968992248062019890e-03 2.595024459151909491e-02 7.446110924015832211e+01
0.000000000000000000e+00 2.248913876820854418e-02 7.453264440071748709e+01
0.000000000000000000e+00 1.105848903968648100e-02 7.479487401840489724e+01
1.953244216565952485e-03 2.362495385751200994e-02 7.450450169595104910e+01
1.893603171785315786e-03 1.300222280647242434e-02 7.471840804306154382e+01
0.000000000000000000e+00 2.595024459151909491e-02 7.449828405242806184e+01
9.540846750148990196e-04 1.500270792411345644e-02 7.467201497701077528e+01
0.000000000000000000e+00 1.300222280647242434e-02 7.473266109899402920e+01
0.000000000000000000e+00 1.500270792411345644e-02 7.467657447837356699e+01
1.893603171785315786e-03 9.169125448195231121e-03 7.483472914720684344e+01
0.000000000000000000e+00 2.137066436729137542e-02 7.454790984630797368e+01
0.000000000000000000e+00 1.918417305722777688e-02 7.458389781394463114e+01
0.000000000000000000e+00 1.706246667486976953e-02 7.462688938297557684e+01
2.818886539816767289e-03 9.169125448195231121e-03 7.482369203792600842e+01
1.893603171785315786e-03 1.105848903968648100e-02 7.477358929925928521e+01
1.893603171785315786e-03 1.500270792411345644e-02 7.466944909099547090e+01
1.953244216565952485e-03 2.137066436729137542e-02 7.454083483114361286e+01
1.953244216565952485e-03 2.595024459151909491e-02 7.447573190856829228e+01
1.893603171785315786e-03 7.331882231641662084e-03 7.490157859929817619e+01
3.730255872238741333e-03 1.300222280647242434e-02 7.471206252200974518e+01
