1.582913210820188765e-02 3.545862542190572619e-02 8.320033647944863731e+01
1.719340091433115003e-02 2.231618510688287982e-03 8.387516326368053399e+01
3.457327456368453067e-02 7.798919426826403378e-02 8.283805359518005673e+01
3.136914764821741031e-02 7.576919204826182419e-02 8.289460700351287414e+01
2.829191684821433239e-02 7.147241355793493289e-02 8.293352768645023332e+01
2.533419015694923782e-02 6.735655205667445689e-02 8.297277605818969448e+01
2.248913876820854418e-02 6.341041680288864169e-02 8.301232646193901132e+01
1.975044444072915351e-02 5.962372135733656764e-02 8.305215576187902116e+01
1.335032153168341784e-02 1.360841777842569655e-03 8.387854620507864922e+01
1.254828757356563074e-02 4.009965359457662304e-03 8.381181978935872223e+01
1.711225265737748025e-02 5.598699404824203363e-02 8.309224305132666188e+01
1.211603104996808455e-02 3.136914764821741031e-02 8.326548319831545086e+01
1.173454509051181927e-02 3.114573939098252975e-03 8.383513514475512807e+01
9.748256462108834119e-03 2.875738033056773890e-02 8.330897432744207265e+01
1.456913084820060655e-02 4.589252665757773131e-02 8.311321051215153943e+01
1.211603104996808455e-02 4.277466364088935991e-02 8.315654612448133776e+01
9.748256462108834119e-03 3.976915604822581218e-02 8.319993543916072554e+01
7.461431432808890429e-03 3.687003810486008670e-02 8.324337521859892775e+01
1.492026034331823958e-02 1.360841777842569655e-03 8.387769922877038198e+01
2.248913876820854418e-02 4.277466364088935991e-02 8.309202469022864079e+01
3.838700059630287265e-03 5.019934933920278120e-04 8.407194244405224026e+01
9.748256462108834119e-03 4.125824844640912925e-02 8.319878556695032046e+01
3.847115625060792965e-05 2.748414376321353658e-02 8.339577131077166428e+01
7.461431432808890429e-03 3.976915604822581218e-02 8.324309282287714495e+01
1.173454509051181927e-02 3.451697803857206592e-04 8.394496008585556979e+01
1.492026034331823958e-02 3.451697803857206592e-04 8.392200279218266701e+01
1.335032153168341784e-02 5.019934933920278120e-04 8.390332886083265862e+01
1.975044444072915351e-02 3.976915604822581218e-02 8.313530692133572586e+01
1.173454509051181927e-02 1.360841777842569655e-03 8.388692064930197034e+01
3.847115625060792965e-05 3.451697803857206592e-04 8.425629086870983997e+01
1.047166106723673717e-03 2.500028882034219246e-02 8.339750450658486614e+01
1.456913084820060655e-02 3.407175904648099274e-02 8.322203956805476821e+01
3.847115625060792965e-05 2.623195242837755847e-02 8.340128888705511656e+01
3.114573939098252975e-03 3.005219717872456564e-02 8.333547547259991006e+01
5.251474471720724013e-03 3.687003810486008670e-02 8.328561873341331534e+01
2.072397039991402679e-03 3.136914764821741031e-02 8.334954576444398811e+01
6.591195655637330231e-03 3.451697803857206592e-04 8.404018343987024764e+01
5.251474471720724013e-03 3.407175904648099274e-02 8.328686250306444094e+01
4.174120453190210966e-03 3.005219717872456564e-02 8.332110183361606914e+01
8.357207867611779473e-03 5.019934933920278120e-04 8.396299282282643617e+01
3.114573939098252975e-03 3.136914764821741031e-02 8.333039458242173225e+01
5.251474471720724013e-03 3.005219717872456564e-02 8.330911529399665483e+01
1.456913084820060655e-02 3.687003810486008670e-02 8.317804610780673613e+01
7.461431432808890429e-03 3.407175904648099274e-02 8.325502999378974778e+01
3.847115625060792965e-05 2.875738033056773890e-02 8.339276443093370972e+01
1.211603104996808455e-02 3.407175904648099274e-02 8.322205635725185857e+01
6.591195655637330231e-03 2.231618510688287982e-03 8.392318791492999708e+01
7.461431432808890429e-03 3.270880416028773552e-02 8.326493549643886638e+01
3.114573939098252975e-03 3.407175904648099274e-02 8.332823883724056202e+01
5.251474471720724013e-03 3.136914764821741031e-02 8.329907369223923297e+01
1.930885651815886228e-03 2.231618510688287982e-03 8.403681050127748620e+01
1.047166106723673717e-03 3.136914764821741031e-02 8.337094730438639090e+01
5.687812485665799667e-03 1.360841777842569655e-03 8.398059352654001941e+01
6.347088727853417156e-03 2.623195242837755847e-02 8.335206270183198285e+01
2.072397039991402679e-03 2.875738033056773890e-02 8.335740678225954525e+01
1.007089379182402045e-02 3.114573939098252975e-03 8.384425330799787446e+01
3.838700059630287265e-03 1.360841777842569655e-03 8.402734852943002863e+01
1.335032153168341784e-02 3.114573939098252975e-03 8.383377341755965517e+01
2.072397039991402679e-03 2.623195242837755847e-02 8.337540355080274423e+01
1.173454509051181927e-02 4.918057367339911945e-03 8.378987251658372770e+01
9.220445180181377487e-03 4.918057367339911945e-03 8.379569739673689810e+01
9.540846750148990196e-04 1.360841777842569655e-03 8.411576247473905710e+01
8.357207867611779473e-03 7.721297913411168112e-03 8.372442291319846674e+01
2.892303936068818526e-03 3.451697803857206592e-04 8.414871984929010296e+01
9.748256462108834119e-03 3.136914764821741031e-02 8.326608465629909972e+01
1.930885651815886228e-03 3.114573939098252975e-03 8.399131276939911572e+01
7.461431432808890429e-03 2.875738033056773890e-02 8.331013028616109750e+01
8.357207867611779473e-03 3.451697803857206592e-04 8.399984338548578933e+01
2.892303936068818526e-03 2.231618510688287982e-03 8.400928306020722403e+01
1.007089379182402045e-02 1.360841777842569655e-03 8.390316144606903492e+01
5.251474471720724013e-03 2.500028882034219246e-02 8.337399545281867574e+01
6.591195655637330231e-03 1.360841777842569655e-03 8.396070257769842726e+01
4.174120453190210966e-03 2.378865226284399004e-02 8.339593474917488436e+01
6.591195655637330231e-03 4.009965359457662304e-03 8.385276850371924695e+01
4.770423375074536732e-03 3.451697803857206592e-04 8.408966299034767644e+01
9.540846750148990196e-04 3.451697803857206592e-04 8.421782026937569299e+01
3.847115625060792965e-05 9.658831820254537570e-03 8.374722135930599620e+01
9.220445180181377487e-03 6.773439599271957601e-03 8.374622072846429433e+01
3.114573939098252975e-03 2.875738033056773890e-02 8.334313406553522441e+01
2.892303936068818526e-03 1.360841777842569655e-03 8.405432393220901588e+01
1.007089379182402045e-02 4.918057367339911945e-03 8.379177187758503464e+01
3.847115625060792965e-05 1.360841777842569655e-03 8.415034812423976973e+01
1.047166106723673717e-03 2.623195242837755847e-02 8.338721050727410500e+01
1.007089379182402045e-02 5.839122118191875099e-03 8.376802817561105030e+01
8.357207867611779473e-03 5.839122118191875099e-03 8.377421931961393398e+01
1.007089379182402045e-02 6.773439599271957601e-03 8.374599757695075652e+01
5.251474471720724013e-03 2.259655823046671785e-02 8.342041548508382220e+01
7.480891201821437964e-03 6.773439599271957601e-03 8.375275831690822770e+01
1.047166106723673717e-03 2.259655823046671785e-02 8.342513877821241408e+01
3.847115625060792965e-05 2.378865226284399004e-02 8.341960786656440519e+01
3.838700059630287265e-03 3.114573939098252975e-03 8.394257023516627214e+01
2.892303936068818526e-03 4.009965359457662304e-03 8.392366897325885589e+01
9.540846750148990196e-04 3.114573939098252975e-03 8.401940531451207050e+01
4.174120453190210966e-03 2.623195242837755847e-02 8.335883448567884102e+01
1.047166106723673717e-03 2.026913654820630684e-02 8.346179039582516168e+01
5.687812485665799667e-03 4.009965359457662304e-03 8.386705288239595291e+01
3.847115625060792965e-05 1.582913210820188765e-02 8.355424699147421563e+01
6.591195655637330231e-03 9.658831820254537570e-03 8.368085713254644986e+01
1.930885651815886228e-03 1.371003908001794391e-02 8.359729847126986613e+01
4.770423375074536732e-03 2.231618510688287982e-03 8.396154580006779611e+01
5.251474471720724013e-03 2.623195242837755847e-02 8.335419258717058710e+01
1.930885651815886228e-03 9.658831820254537570e-03 8.371665054644147119e+01
9.540846750148990196e-04 4.009965359457662304e-03 8.397344052551913762e+01
2.072397039991402679e-03 2.142353770260746471e-02 8.343983236600574571e+01
5.687812485665799667e-03 4.918057367339911945e-03 8.383232113990332834e+01
3.838700059630287265e-03 5.839122118191875099e-03 8.382690409016738897e+01
2.072397039991402679e-03 2.026913654820630684e-02 8.346153017183024758e+01
5.251474471720724013e-03 2.875738033056773890e-02 8.332169144991362941e+01
3.847115625060792965e-05 2.142353770260746471e-02 8.344724500503778586e+01
8.357207867611779473e-03 6.773439599271957601e-03 8.374845883934884228e+01
3.847115625060792965e-05 1.165420256013799394e-02 8.367560155905592012e+01
5.687812485665799667e-03 7.721297913411168112e-03 8.373795054162087581e+01
3.847115625060792965e-05 1.801444679351657530e-02 8.350520455732115011e+01
3.838700059630287265e-03 9.658831820254537570e-03 8.369558813806864350e+01
8.357207867611779473e-03 4.009965359457662304e-03 8.383076664139579748e+01
3.838700059630287265e-03 7.721297913411168112e-03 8.375785402342667396e+01
2.892303936068818526e-03 1.371003908001794391e-02 8.359385217561035120e+01
9.540846750148990196e-04 7.721297913411168112e-03 8.380509670148606460e+01
9.540846750148990196e-04 5.839122118191875099e-03 8.388609833875850086e+01
4.770423375074536732e-03 1.165420256013799394e-02 8.363733283416749487e+01
8.357207867611779473e-03 8.682993575202024861e-03 8.370214972829860756e+01
3.847115625060792965e-05 4.918057367339911945e-03 8.395566930822923268e+01
3.847115625060792965e-05 1.913291493954377698e-02 8.348375438911050139e+01
3.847115625060792965e-05 7.721297913411168112e-03 8.382570850587877942e+01
5.687812485665799667e-03 9.658831820254537570e-03 8.368358924882814165e+01
4.770423375074536732e-03 1.360841777842569655e-03 8.400279057756492307e+01
1.047166106723673717e-03 2.378865226284399004e-02 8.341016661541956978e+01
2.892303936068818526e-03 5.839122118191875099e-03 8.384422677093346010e+01
7.480891201821437964e-03 4.918057367339911945e-03 8.380972856352659051e+01
8.357207867611779473e-03 4.918057367339911945e-03 8.380166726418138978e+01
3.838700059630287265e-03 1.165420256013799394e-02 8.364041369593093123e+01
1.930885651815886228e-03 4.918057367339911945e-03 8.390484423793267865e+01
2.892303936068818526e-03 3.114573939098252975e-03 8.396572088516134613e+01
4.770423375074536732e-03 4.009965359457662304e-03 8.388359503372072368e+01
7.480891201821437964e-03 1.360841777842569655e-03 8.394306461648685058e+01
5.687812485665799667e-03 6.773439599271957601e-03 8.376773424328786177e+01
3.838700059630287265e-03 4.918057367339911945e-03 8.386388200068564913e+01
6.591195655637330231e-03 3.114573939098252975e-03 8.388719903270690281e+01
1.930885651815886228e-03 8.682993575202024861e-03 8.375095025448371189e+01
3.114573939098252975e-03 2.623195242837755847e-02 8.336592517825847892e+01
4.770423375074536732e-03 5.839122118191875099e-03 8.381191442208043441e+01
4.770423375074536732e-03 1.267439211135662491e-02 8.361454025940855672e+01
9.540846750148990196e-04 9.658831820254537570e-03 8.373071846802903906e+01
1.930885651815886228e-03 6.773439599271957601e-03 8.382463107270936575e+01
6.591195655637330231e-03 7.721297913411168112e-03 8.373131485076245895e+01
3.838700059630287265e-03 6.773439599271957601e-03 8.379154953814646944e+01
5.687812485665799667e-03 2.231618510688287982e-03 8.394122186108808137e+01
9.540846750148990196e-04 4.918057367339911945e-03 8.392899390691493977e+01
2.892303936068818526e-03 7.721297913411168112e-03 8.377122772176095111e+01
5.687812485665799667e-03 3.114573939098252975e-03 8.390336420601740031e+01
1.047166106723673717e-03 2.875738033056773890e-02 8.337396897116687455e+01
6.591195655637330231e-03 1.064912692819669493e-02 8.365833018604128313e+01
9.540846750148990196e-04 1.582913210820188765e-02 8.355041748660073608e+01
1.930885651815886228e-03 7.721297913411168112e-03 8.378695617347962354e+01
3.114573939098252975e-03 2.378865226284399004e-02 8.339827095292208980e+01
3.838700059630287265e-03 1.267439211135662491e-02 8.361558690852747588e+01
4.770423375074536732e-03 3.114573939098252975e-03 8.392180326230518972e+01
2.892303936068818526e-03 1.165420256013799394e-02 8.364572622759948217e+01
3.847115625060792965e-05 1.371003908001794391e-02 8.361116492632031338e+01
5.687812485665799667e-03 1.064912692819669493e-02 8.365908966707607419e+01
1.930885651815886228e-03 1.165420256013799394e-02 8.365332431850953299e+01
8.357207867611779473e-03 3.114573939098252975e-03 8.386148244025828546e+01
1.047166106723673717e-03 2.142353770260746471e-02 8.344236482508040353e+01
3.838700059630287265e-03 1.064912692819669493e-02 8.366709456185509453e+01
4.770423375074536732e-03 9.658831820254537570e-03 8.368848246547500480e+01
1.047166106723673717e-03 1.913291493954377698e-02 8.348336286758204494e+01
9.540846750148990196e-04 1.691331923890063149e-02 8.352705501362235907e+01
2.892303936068818526e-03 4.918057367339911945e-03 8.388315979758007757e+01
3.847115625060792965e-05 8.682993575202024861e-03 8.378562552313259459e+01
3.847115625060792965e-05 1.691331923890063149e-02 8.352871815990820892e+01
4.770423375074536732e-03 7.721297913411168112e-03 8.374677955891641545e+01
9.540846750148990196e-04 1.476149745278096392e-02 8.357576453913634396e+01
2.892303936068818526e-03 6.773439599271957601e-03 8.380690428012863435e+01
6.591195655637330231e-03 4.918057367339911945e-03 8.381992983650835072e+01
9.540846750148990196e-04 1.371003908001794391e-02 8.360305052397427517e+01
6.591195655637330231e-03 5.839122118191875099e-03 8.378871750935168450e+01
3.847115625060792965e-05 1.267439211135662491e-02 8.364246485565458045e+01
1.930885651815886228e-03 1.267439211135662491e-02 8.362437802137574749e+01
9.540846750148990196e-04 1.165420256013799394e-02 8.366326360839209997e+01
1.930885651815886228e-03 1.476149745278096392e-02 8.357212893213004179e+01
3.847115625060792965e-05 1.476149745278096392e-02 8.358174433937151093e+01
3.838700059630287265e-03 8.682993575202024861e-03 8.372585428033247013e+01
4.770423375074536732e-03 8.682993575202024861e-03 8.371675736470260176e+01
1.930885651815886228e-03 1.064912692819669493e-02 8.368409539809078979e+01
4.770423375074536732e-03 6.773439599271957601e-03 8.377851091967266939e+01
3.114573939098252975e-03 2.142353770260746471e-02 8.343970670685276048e+01
2.892303936068818526e-03 8.682993575202024861e-03 8.373723353958610005e+01
4.770423375074536732e-03 1.064912692819669493e-02 8.366199413469122703e+01
2.892303936068818526e-03 9.658831820254537570e-03 8.370495926356758787e+01
9.540846750148990196e-04 8.682993575202024861e-03 8.376706132715167996e+01
9.540846750148990196e-04 1.064912692819669493e-02 8.369610616461126540e+01
6.591195655637330231e-03 8.682993575202024861e-03 8.370519865076236954e+01
3.847115625060792965e-05 6.773439599271957601e-03 8.386743367531978777e+01
9.540846750148990196e-04 1.267439211135662491e-02 8.363223118576934212e+01
2.892303936068818526e-03 1.476149745278096392e-02 8.357078136037908678e+01
5.687812485665799667e-03 8.682993575202024861e-03 8.370988940090742858e+01
9.540846750148990196e-04 6.773439599271957601e-03 8.384478765955851998e+01
3.847115625060792965e-05 1.064912692819669493e-02 8.371053374664475655e+01
4.770423375074536732e-03 4.918057367339911945e-03 8.384695410512992453e+01
2.892303936068818526e-03 1.064912692819669493e-02 8.367444355068550976e+01
2.892303936068818526e-03 1.267439211135662491e-02 8.361884833526531224e+01
6.591195655637330231e-03 6.773439599271957601e-03 8.375916700563135464e+01
