8.605302586150739841e-02 1.107107762856207045e-01 6.425309885910711216e+01
8.005062490112324625e-02 1.284942447733145587e-01 6.421731718719507853e+01
7.717623570882661821e-02 1.247252111535346597e-01 6.423708658236064650e+01
7.166370849072345450e-02 1.175148859678687707e-01 6.427680449899831672e+01
7.166370849072345450e-02 1.042794945311670274e-01 6.429260979732767112e+01
6.644518272425248284e-02 1.107107762856207045e-01 6.431674037409533184e+01
6.644518272425248284e-02 9.819121447028422711e-02 6.433480699642453260e+01
6.149774920539038958e-02 1.042794945311670274e-01 6.435687211849558764e+01
5.680081864950867199e-02 7.922102476838721596e-02 6.447905981698191624e+01
3.520012656225285363e-03 2.089652847994608043e-02 6.516913573258402437e+01
6.149774920539038958e-02 9.241920869827846552e-02 6.437701820238031303e+01
5.680081864950867199e-02 9.819121447028422711e-02 6.439718054713358697e+01
5.680081864950867199e-02 8.693945638308311907e-02 6.441924337751312635e+01
5.233583528157170761e-02 9.241920869827846552e-02 6.443764893179046283e+01
5.233583528157170761e-02 8.173030912049000785e-02 6.446148248427616068e+01
4.808603183498111333e-02 8.693945638308311907e-02 6.447826263221553234e+01
5.233583528157170761e-02 7.677220509946763860e-02 6.449717065144804451e+01
4.808603183498111333e-02 7.677220509946763860e-02 6.450373548525699618e+01
4.808603183498111333e-02 7.204742362061103411e-02 6.453907138343144823e+01
1.073988173593262707e-02 3.471017007983384639e-04 6.607602276467972047e+01
4.403621913881833327e-02 6.753987347411566367e-02 6.458101144038271002e+01
3.303919701490432015e-02 3.471017007983384639e-04 6.606140084200801255e+01
3.648263590777309218e-02 7.204742362061103411e-02 6.460085447047070772e+01
4.017260472753655942e-02 7.677220509946763860e-02 6.455987607528406613e+01
1.925947325340654492e-04 5.742176284811995046e-04 6.578626753270540917e+01
4.403621913881833327e-02 8.173030912049000785e-02 6.451900879030101521e+01
4.208194905869325209e-02 7.677220509946763860e-02 6.454078398895354951e+01
1.821090193183216854e-02 5.742176284811995046e-04 6.560707092744544866e+01
1.930885651815886228e-03 1.282275456082060394e-03 6.565596965099814497e+01
4.403621913881833327e-02 7.677220509946763860e-02 6.452498211456142485e+01
1.661962214506365609e-02 1.282275456082060394e-03 6.556446938203721686e+01
3.982988544254911778e-03 3.195455352387716053e-03 6.555186109552261087e+01
4.017260472753655942e-02 7.204742362061103411e-02 6.456691758087045230e+01
1.930885651815886228e-03 5.167958656330740030e-03 6.551314351232294086e+01
1.661962214506365609e-02 2.231618510688287982e-03 6.555098049378055691e+01
1.282275456082060394e-03 1.258101410598552738e-02 6.533113751632774324e+01
3.469915097822073857e-02 5.911917539824515511e-02 6.466737044542266233e+01
2.174158700024861335e-02 4.958010335917312217e-02 6.479817151352516191e+01
4.403621913881833327e-02 7.204742362061103411e-02 6.454600234317705088e+01
4.017260472753655942e-02 6.323490985105828521e-02 6.462298844227008487e+01
4.017260472753655942e-02 6.753987347411566367e-02 6.458828302089104056e+01
4.669120948190719211e-03 1.964715316760223818e-02 6.519174160605199120e+01
3.648263590777309218e-02 6.753987347411566367e-02 6.460889000332360865e+01
3.648263590777309218e-02 6.323490985105828521e-02 6.463057748138625414e+01
2.026913654820630684e-02 3.936768505851953592e-02 6.489580873165412811e+01
2.634493209768606903e-02 5.327395678706911553e-02 6.474483716015772927e+01
2.174158700024861335e-02 4.098549389822703226e-02 6.487484861728849239e+01
2.794467613863951816e-02 5.140758873929007766e-02 6.475189369091863512e+01
9.745293466223700629e-03 5.742176284811995046e-04 6.560985353815080146e+01
7.886989168895006119e-03 1.282275456082060394e-03 6.556962884748848808e+01
1.925947325340654492e-04 3.195455352387716053e-03 6.562025404702690423e+01
5.967253324547186488e-03 3.195455352387716053e-03 6.552953212170382358e+01
3.295486351964757588e-02 6.323490985105828521e-02 6.465089726525543767e+01
6.934989016574980014e-03 5.167958656330740030e-03 6.546844424235774795e+01
5.967253324547186488e-03 7.202588048586949787e-03 6.542339139581422103e+01
3.982988544254911778e-03 9.302325581395348708e-03 6.538183331726274616e+01
1.925947325340654492e-04 3.028997990238299631e-02 6.513187531009597819e+01
1.925947325340654492e-04 1.147034726161214047e-02 6.535141683636426535e+01
3.648263590777309218e-02 5.911917539824515511e-02 6.466500027236928361e+01
3.295486351964757588e-02 5.518046178211219455e-02 6.470704504256551104e+01
1.602501465702560468e-02 3.622540250447228716e-02 6.493881264048771129e+01
1.154506849434518145e-02 3.195455352387716053e-03 6.550547008024589957e+01
9.745293466223700629e-03 5.167958656330740030e-03 6.546328803098755600e+01
7.886989168895006119e-03 7.202588048586949787e-03 6.542113794108165337e+01
5.967253324547186488e-03 9.302325581395348708e-03 6.537902110444549919e+01
1.930885651815886228e-03 5.742176284811995046e-04 6.573492653168904098e+01
8.782983923320691888e-04 1.371003908001794391e-02 6.529593293880324723e+01
3.982988544254911778e-03 1.147034726161214047e-02 6.533693892184426488e+01
8.244124523194285015e-03 3.936768505851953592e-02 6.498914167120094021e+01
3.982988544254911778e-03 1.282275456082060394e-03 6.561942462504829621e+01
1.930885651815886228e-03 1.147034726161214047e-02 6.534033850681940692e+01
1.930885651815886228e-03 3.195455352387716053e-03 6.558196452596844495e+01
1.925947325340654492e-04 1.371003908001794391e-02 6.529891048712660506e+01
3.520012656225285363e-03 3.320169665057773334e-02 6.507098039857797289e+01
3.982988544254911778e-03 5.167958656330740030e-03 6.548957100836234702e+01
1.930885651815886228e-03 7.202588048586949787e-03 6.544975379668291282e+01
1.925947325340654492e-04 9.302325581395348708e-03 6.541008948357058728e+01
1.741170794820345868e-02 4.603701945894636549e-02 6.485366138398885028e+01
2.957882327724789540e-02 5.911917539824515511e-02 6.469293747859877897e+01
3.520012656225285363e-03 3.028997990238299631e-02 6.507788412469386685e+01
4.669120948190719211e-03 2.216782265741873426e-02 6.514806041772335732e+01
7.030591199569224958e-03 2.477851605758582543e-02 6.510593298426753961e+01
1.466524744917158118e-02 3.320169665057773334e-02 6.497974916789596023e+01
1.925947325340654492e-04 7.202588048586949787e-03 6.547463421017400265e+01
1.925947325340654492e-04 1.841913469820447014e-02 6.521367564657721516e+01
1.741170794820345868e-02 4.958010335917312217e-02 6.484636684613055024e+01
8.244124523194285015e-03 3.622540250447228716e-02 6.499432516877779165e+01
1.925947325340654492e-04 2.216782265741873426e-02 6.516843748547536563e+01
1.282275456082060394e-03 3.028997990238299631e-02 6.511204196937045197e+01
5.839122118191875099e-03 3.622540250447228716e-02 6.503001154592396915e+01
3.520012656225285363e-03 3.173223212345141486e-02 6.507328664931141304e+01
1.882613510520486644e-02 4.431916059823037823e-02 6.485058414109768421e+01
5.839122118191875099e-03 2.346161761679357860e-02 6.512699277981703005e+01
1.073988173593262707e-02 3.028997990238299631e-02 6.502328534390203174e+01
2.477851605758582543e-02 4.958010335917312217e-02 6.477871610124239510e+01
1.282275456082060394e-03 1.841913469820447014e-02 6.521130876683628230e+01
1.882613510520486644e-02 3.778128998268984184e-02 6.491677911444644167e+01
1.882613510520486644e-02 3.936768505851953592e-02 6.489661269513888442e+01
1.930885651815886228e-03 1.371003908001794391e-02 6.529489291193421252e+01
1.882613510520486644e-02 4.603701945894636549e-02 6.484031484605172579e+01
1.925947325340654492e-04 1.602501465702560468e-02 6.525288472366239034e+01
2.391242564117629366e-03 3.320169665057773334e-02 6.509128342372885356e+01
3.520012656225285363e-03 2.477851605758582543e-02 6.511794259658547901e+01
9.480340712681500914e-03 2.748414376321353658e-02 6.506383761992414350e+01
2.391242564117629366e-03 3.028997990238299631e-02 6.509402840496676390e+01
2.026913654820630684e-02 5.140758873929007766e-02 6.480713408504264805e+01
2.324439725542579160e-02 5.518046178211219455e-02 6.476571551407414518e+01
2.391242564117629366e-03 1.841913469820447014e-02 6.521091615021647669e+01
1.925947325340654492e-04 2.089652847994608043e-02 6.518164309794023836e+01
1.466524744917158118e-02 4.603701945894636549e-02 6.488743678761647971e+01
2.634493209768606903e-02 5.911917539824515511e-02 6.472437228636010786e+01
1.073988173593262707e-02 4.263565891472867464e-02 6.494837765742511237e+01
2.957882327724789540e-02 6.323490985105828521e-02 6.468311004706878009e+01
2.391242564117629366e-03 2.216782265741873426e-02 6.515429783337633296e+01
1.282275456082060394e-03 2.089652847994608043e-02 6.517551644732353111e+01
5.839122118191875099e-03 3.028997990238299631e-02 6.505141060003680309e+01
1.202341401676951249e-02 4.263565891472867464e-02 6.492859693541203114e+01
3.295486351964757588e-02 5.911917539824515511e-02 6.467288568778208457e+01
1.602501465702560468e-02 4.431916059823037823e-02 6.487461812811856987e+01
2.957882327724789540e-02 5.518046178211219455e-02 6.471520760332934685e+01
1.466524744917158118e-02 4.263565891472867464e-02 6.489558514468454575e+01
3.520012656225285363e-03 2.346161761679357860e-02 6.513308301066574302e+01
2.391242564117629366e-03 2.477851605758582543e-02 6.512600626545177818e+01
2.794467613863951816e-02 5.518046178211219455e-02 6.472370077185604487e+01
1.282275456082060394e-03 2.887419102482041700e-02 6.511478651189516142e+01
1.073988173593262707e-02 3.622540250447228716e-02 6.496690024132838914e+01
1.741170794820345868e-02 4.263565891472867464e-02 6.487174625236558256e+01
1.882613510520486644e-02 4.263565891472867464e-02 6.486344173981022720e+01
5.839122118191875099e-03 3.320169665057773334e-02 6.503607966541466112e+01
1.333162961069939145e-02 3.622540250447228716e-02 6.494822156007235492e+01
1.602501465702560468e-02 3.469915097822073857e-02 6.495874959005381299e+01
1.282275456082060394e-03 2.611914239821216954e-02 6.512682968693218299e+01
1.073988173593262707e-02 4.098549389822703226e-02 6.494920895066597666e+01
1.925947325340654492e-04 2.887419102482041700e-02 6.513260572167133944e+01
1.602501465702560468e-02 4.603701945894636549e-02 6.486939225336217874e+01
2.957882327724789540e-02 5.140758873929007766e-02 6.474912106387803590e+01
2.391242564117629366e-03 3.173223212345141486e-02 6.509149996298633312e+01
1.333162961069939145e-02 4.098549389822703226e-02 6.491656215654118967e+01
2.391242564117629366e-03 2.748414376321353658e-02 6.510576537053800905e+01
1.202341401676951249e-02 3.028997990238299631e-02 6.502177580637804510e+01
5.839122118191875099e-03 3.173223212345141486e-02 6.504262019974616749e+01
1.602501465702560468e-02 4.779029808998641604e-02 6.486689014456558766e+01
1.925947325340654492e-04 2.346161761679357860e-02 6.515717279838382581e+01
4.669120948190719211e-03 3.320169665057773334e-02 6.505256174032471961e+01
7.030591199569224958e-03 3.320169665057773334e-02 6.502158833901032153e+01
8.244124523194285015e-03 3.778128998268984184e-02 6.499049340655426477e+01
2.634493209768606903e-02 4.779029808998641604e-02 6.479122682132781108e+01
9.480340712681500914e-03 3.028997990238299631e-02 6.502706654671969488e+01
1.282275456082060394e-03 2.346161761679357860e-02 6.514721997911654228e+01
1.466524744917158118e-02 3.936768505851953592e-02 6.491408288850382746e+01
2.634493209768606903e-02 5.518046178211219455e-02 6.473500895441085845e+01
2.634493209768606903e-02 5.140758873929007766e-02 6.475754319140979476e+01
1.333162961069939145e-02 3.173223212345141486e-02 6.500075798271386418e+01
8.244124523194285015e-03 2.611914239821216954e-02 6.508488120400717492e+01
1.333162961069939145e-02 4.431916059823037823e-02 6.490800597235318037e+01
1.333162961069939145e-02 3.469915097822073857e-02 6.496350367180765772e+01
8.244124523194285015e-03 3.028997990238299631e-02 6.503305527424664945e+01
2.324439725542579160e-02 5.140758873929007766e-02 6.477711017774210234e+01
8.244124523194285015e-03 3.320169665057773334e-02 6.500914396680391860e+01
9.480340712681500914e-03 3.936768505851953592e-02 6.496984132705360082e+01
3.520012656225285363e-03 2.611914239821216954e-02 6.510479636597375475e+01
2.026913654820630684e-02 4.779029808998641604e-02 6.481923978613146176e+01
8.244124523194285015e-03 2.748414376321353658e-02 6.506555643698534652e+01
1.333162961069939145e-02 3.778128998268984184e-02 6.493525734532751414e+01
1.202341401676951249e-02 3.320169665057773334e-02 6.498468731793902009e+01
1.741170794820345868e-02 3.936768505851953592e-02 6.489997696199419863e+01
4.669120948190719211e-03 2.089652847994608043e-02 6.516898914475125082e+01
1.925947325340654492e-04 2.611914239821216954e-02 6.514067871940962107e+01
1.466524744917158118e-02 3.622540250447228716e-02 6.494232404318748308e+01
3.520012656225285363e-03 2.748414376321353658e-02 6.509369941626695777e+01
1.602501465702560468e-02 4.098549389822703226e-02 6.489291251309056463e+01
8.244124523194285015e-03 3.469915097822073857e-02 6.500056506601877970e+01
7.030591199569224958e-03 3.622540250447228716e-02 6.501116456229860319e+01
1.741170794820345868e-02 4.779029808998641604e-02 6.484862292671888895e+01
4.669120948190719211e-03 3.028997990238299631e-02 6.506366045003950660e+01
1.333162961069939145e-02 3.936768505851953592e-02 6.492468021738208961e+01
8.244124523194285015e-03 3.173223212345141486e-02 6.501999536867303675e+01
1.073988173593262707e-02 3.778128998268984184e-02 6.495854512362889466e+01
1.333162961069939145e-02 3.320169665057773334e-02 6.498103714714721946e+01
1.073988173593262707e-02 3.936768505851953592e-02 6.495262356476557386e+01
7.030591199569224958e-03 3.028997990238299631e-02 6.504118977982952288e+01
5.839122118191875099e-03 2.611914239821216954e-02 6.509066482571448375e+01
2.324439725542579160e-02 4.431916059823037823e-02 6.483336095243176089e+01
5.839122118191875099e-03 3.469915097822073857e-02 6.503185419680383461e+01
1.202341401676951249e-02 3.622540250447228716e-02 6.495643585168829759e+01
8.244124523194285015e-03 2.887419102482041700e-02 6.504826207424186180e+01
2.391242564117629366e-03 2.887419102482041700e-02 6.509880424682746991e+01
2.324439725542579160e-02 4.779029808998641604e-02 6.479989241553542456e+01
7.030591199569224958e-03 2.748414376321353658e-02 6.506946150889397984e+01
9.480340712681500914e-03 4.098549389822703226e-02 6.496874597514396044e+01
2.391242564117629366e-03 2.611914239821216954e-02 6.511485193355377987e+01
9.480340712681500914e-03 3.320169665057773334e-02 6.499880489207238554e+01
9.480340712681500914e-03 3.622540250447228716e-02 6.497955058837028730e+01
1.202341401676951249e-02 3.936768505851953592e-02 6.493754889991555501e+01
2.391242564117629366e-03 2.346161761679357860e-02 6.513917277015208640e+01
1.073988173593262707e-02 3.320169665057773334e-02 6.499063169832719211e+01
5.839122118191875099e-03 2.887419102482041700e-02 6.506238809958416880e+01
1.466524744917158118e-02 3.469915097822073857e-02 6.495992188002657031e+01
1.741170794820345868e-02 3.778128998268984184e-02 6.491770953991822068e+01
1.073988173593262707e-02 2.887419102482041700e-02 6.504280242131673617e+01
1.202341401676951249e-02 4.431916059823037823e-02 6.492803768833222477e+01
1.741170794820345868e-02 4.431916059823037823e-02 6.486139655114237712e+01
4.669120948190719211e-03 3.469915097822073857e-02 6.505048400502685979e+01
2.391242564117629366e-03 2.089652847994608043e-02 6.517132973501857407e+01
1.073988173593262707e-02 3.173223212345141486e-02 6.500587495228305102e+01
4.669120948190719211e-03 2.477851605758582543e-02 6.511187200068221159e+01
1.466524744917158118e-02 4.431916059823037823e-02 6.489017747044270834e+01
1.466524744917158118e-02 4.098549389822703226e-02 6.490357936245749215e+01
7.030591199569224958e-03 2.611914239821216954e-02 6.508670034067768029e+01
1.741170794820345868e-02 4.098549389822703226e-02 6.488463162661835781e+01
1.602501465702560468e-02 3.778128998268984184e-02 6.492114846262587946e+01
7.030591199569224958e-03 3.778128998268984184e-02 6.500956382158457814e+01
1.073988173593262707e-02 3.469915097822073857e-02 6.497761837703679078e+01
4.669120948190719211e-03 2.748414376321353658e-02 6.508359030297337711e+01
7.030591199569224958e-03 2.887419102482041700e-02 6.505427209018351675e+01
1.202341401676951249e-02 3.469915097822073857e-02 6.496942494725831807e+01
9.480340712681500914e-03 3.778128998268984184e-02 6.497346756104298038e+01
4.669120948190719211e-03 2.611914239821216954e-02 6.509671575578619240e+01
9.480340712681500914e-03 2.887419102482041700e-02 6.504441807522592001e+01
9.480340712681500914e-03 3.173223212345141486e-02 6.501184180881023167e+01
1.202341401676951249e-02 4.098549389822703226e-02 6.493179359214558133e+01
7.030591199569224958e-03 3.173223212345141486e-02 6.503027446677442924e+01
4.669120948190719211e-03 2.346161761679357860e-02 6.512900443886780977e+01
2.026913654820630684e-02 4.431916059823037823e-02 6.484225523934797764e+01
4.669120948190719211e-03 2.887419102482041700e-02 6.507255227808725806e+01
1.202341401676951249e-02 3.778128998268984184e-02 6.494578721413490996e+01
9.480340712681500914e-03 3.469915097822073857e-02 6.498801919269649829e+01
7.030591199569224958e-03 3.469915097822073857e-02 6.501519599510693581e+01
2.026913654820630684e-02 4.098549389822703226e-02 6.487552222873766539e+01
1.202341401676951249e-02 3.173223212345141486e-02 6.500215833558397094e+01
3.520012656225285363e-03 2.887419102482041700e-02 6.508470890059784608e+01
4.669120948190719211e-03 3.173223212345141486e-02 6.505697582231395870e+01
1.466524744917158118e-02 3.778128998268984184e-02 6.492702154124597769e+01
