7.850063781768226723e-02 1.201692364483062103e-01 9.142709049959393042e+01
8.376120004026982313e-02 1.233406681911665415e-01 9.139139446643186204e+01
7.850063781768226723e-02 1.170780941166575662e-01 9.143609140831951265e+01
7.349985644559287046e-02 1.111247829594082803e-01 9.148079476082830297e+01
6.874007658541142485e-02 1.054583783639541639e-01 9.152550451234100137e+01
7.349985644559287046e-02 1.000586281024037627e-01 9.157925290432309851e+01
6.874007658541142485e-02 9.490714222069474015e-02 9.162164875402874031e+01
6.420428636570907344e-02 8.998718379434345049e-02 9.166421292536841747e+01
6.420428636570907344e-02 1.170780941166575662e-01 9.160829798583682759e+01
5.987703822507350893e-02 1.111247829594082803e-01 9.164758353256422652e+01
5.574427314693841673e-02 1.054583783639541639e-01 9.168725891235469305e+01
5.179316807223785513e-02 1.000586281024037627e-01 9.172728879675712221e+01
1.055583044697344652e-02 7.331882231641662084e-03 9.289082545174851191e+01
5.987703822507350893e-02 8.528348727684276209e-02 9.170693067776525709e+01
5.574427314693841673e-02 8.078210028697652145e-02 9.174978890828977285e+01
5.512489233419459733e-03 1.300222280647242434e-02 9.275761430712616118e+01
1.368618016573108775e-02 5.544632027783436001e-03 9.294343073870967942e+01
4.801200300075020300e-02 8.528348727684276209e-02 9.173416748966987200e+01
4.439004487964096080e-02 8.078210028697652145e-02 9.177848768967336923e+01
1.055583044697344652e-02 8.244124523194285015e-03 9.287136442365321898e+01
8.923094082873228583e-03 9.169125448195231121e-03 9.284639469885900098e+01
4.091744585630943676e-02 7.647024538089408630e-02 9.182284099173509162e+01
5.179316807223785513e-02 7.647024538089408630e-02 9.179277593788778233e+01
4.801200300075020300e-02 7.233619892454704048e-02 9.183588132947571125e+01
5.512489233419459733e-03 4.632343893629792264e-04 9.323772121498974741e+01
7.242686584054774945e-03 3.805361695169706682e-03 9.303000208863903708e+01
4.628022677311119382e-03 2.112164748850425822e-03 9.317396186723135543e+01
3.758515386422364712e-02 7.233619892454704048e-02 9.186722517657464948e+01
5.512489233419459733e-03 5.544632027783436001e-03 9.298931476909999105e+01
3.438483383222043499e-02 6.836918464825442188e-02 9.191163824792201353e+01
4.439004487964096080e-02 6.836918464825442188e-02 9.187909573258671969e+01
3.730255872238741333e-03 7.331882231641662084e-03 9.294881960569325940e+01
3.130879807330472220e-02 6.455927984825060584e-02 9.195607840602734484e+01
4.091744585630943676e-02 6.455927984825060584e-02 9.192241075022879215e+01
1.893603171785315786e-03 9.169125448195231121e-03 9.290852775003865816e+01
9.540846750148990196e-04 6.432136409836308744e-03 9.305554528532478287e+01
3.758515386422364712e-02 6.089733251620810250e-02 9.196581882439721767e+01
3.438483383222043499e-02 5.737488793967199241e-02 9.200931313731285854e+01
1.893603171785315786e-03 7.331882231641662084e-03 9.298769647766162905e+01
7.242686584054774945e-03 1.105848903968648100e-02 9.280199057121802753e+01
1.631986944104446557e-02 5.398412353422132881e-02 9.221555849551016593e+01
1.390002673082063600e-02 4.756916384823361987e-02 9.224214588183882313e+01
7.116533231668581427e-03 3.876915504822481262e-02 9.237259663651062169e+01
2.834994462901441192e-02 6.089733251620810250e-02 9.200054402477070425e+01
2.550170252843583785e-02 5.233583528157170761e-02 9.207675548255176068e+01
9.540846750148990196e-04 1.105848903968648100e-02 9.285126707327799522e+01
2.834994462901441192e-02 5.233583528157170761e-02 9.207154250752459745e+01
2.834994462901441192e-02 5.398412353422132881e-02 9.205000986409578445e+01
3.730255872238741333e-03 1.500270792411345644e-02 9.271326723790978974e+01
2.275798307375009877e-02 5.233583528157170761e-02 9.209662944110019112e+01
1.756191260204431615e-02 4.017260472753655942e-02 9.224848437390768652e+01
2.550170252843583785e-02 5.398412353422132881e-02 9.206251646216401241e+01
2.275798307375009877e-02 5.071779085007163679e-02 9.210730835620870494e+01
2.411714039621015715e-02 4.756916384823361987e-02 9.213782478744263926e+01
2.550170252843583785e-02 5.071779085007163679e-02 9.209452281620903591e+01
2.550170252843583785e-02 5.737488793967199241e-02 9.204503363182385556e+01
7.242686584054774945e-03 4.632343893629792264e-04 9.318609343132013123e+01
2.275798307375009877e-02 5.398412353422132881e-02 9.208954589140752489e+01
2.011313639220616012e-02 4.305336985875540812e-02 9.220419388570648778e+01
5.512489233419459733e-03 1.282275456082060394e-03 9.319226184533235369e+01
1.509942703067071457e-02 3.738949265161325974e-02 9.229280802030370978e+01
2.011313639220616012e-02 5.071779085007163679e-02 9.213407958926299557e+01
0.000000000000000000e+00 9.169125448195231121e-03 9.294921587131550211e+01
3.730255872238741333e-03 2.112164748850425822e-03 9.320213550705148009e+01
1.893603171785315786e-03 3.805361695169706682e-03 9.316696583411285815e+01
0.000000000000000000e+00 4.632343893629792264e-04 9.345623714935874204e+01
2.275798307375009877e-02 4.756916384823361987e-02 9.213905720545697875e+01
1.893603171785315786e-03 4.632343893629792264e-04 9.337230072994488239e+01
1.518747033697200044e-02 4.632343893629792264e-04 9.306732290382819883e+01
1.756191260204431615e-02 5.071779085007163679e-02 9.217408165405429088e+01
6.383948928408572643e-03 4.632343893629792264e-04 9.321065076806497984e+01
0.000000000000000000e+00 2.953119232188994303e-03 9.328716657074544116e+01
1.893603171785315786e-03 2.112164748850425822e-03 9.326650594960909757e+01
1.042277376066705341e-02 4.017260472753655942e-02 9.230751132241124424e+01
0.000000000000000000e+00 2.112164748850425822e-03 9.334199431250502244e+01
1.368618016573108775e-02 2.112164748850425822e-03 9.302331125905608644e+01
5.512489233419459733e-03 2.112164748850425822e-03 9.314838233016268987e+01
2.142353770260746471e-02 4.756916384823361987e-02 9.214385039121833643e+01
0.000000000000000000e+00 3.805361695169706682e-03 9.323390944332702190e+01
1.214289586382609476e-02 2.953119232188994303e-03 9.300406145094852661e+01
1.756191260204431615e-02 4.756916384823361987e-02 9.217863361951907564e+01
5.512489233419459733e-03 2.953119232188994303e-03 9.310611460732334876e+01
1.156221258704506760e-02 4.017260472753655942e-02 9.229010123925576181e+01
3.730255872238741333e-03 3.805361695169706682e-03 9.311099116279250154e+01
0.000000000000000000e+00 5.544632027783436001e-03 9.313223666546794277e+01
2.011313639220616012e-02 4.453199266946952783e-02 9.218361192596329090e+01
1.509942703067071457e-02 4.305336985875540812e-02 9.223085447557859595e+01
1.055583044697344652e-02 3.805361695169706682e-03 9.298732893537565758e+01
1.893603171785315786e-03 5.544632027783436001e-03 9.307393849833445643e+01
8.923094082873228583e-03 5.544632027783436001e-03 9.294421504129874734e+01
9.540846750148990196e-04 1.300222280647242434e-02 9.278264893931017809e+01
0.000000000000000000e+00 7.331882231641662084e-03 9.303724429993400236e+01
7.242686584054774945e-03 7.331882231641662084e-03 9.290118503827915220e+01
9.540846750148990196e-04 9.169125448195231121e-03 9.292752579808987434e+01
1.390002673082063600e-02 3.876915504822481262e-02 9.227810478849042397e+01
0.000000000000000000e+00 1.105848903968648100e-02 9.286845120084694827e+01
5.512489233419459733e-03 9.169125448195231121e-03 9.285824352011113092e+01
3.730255872238741333e-03 1.105848903968648100e-02 9.281539542309697310e+01
5.512489233419459733e-03 7.331882231641662084e-03 9.292013315354103042e+01
3.730255872238741333e-03 9.169125448195231121e-03 9.287836157363888390e+01
0.000000000000000000e+00 1.811540305118924943e-02 9.264773137193664354e+01
1.893603171785315786e-03 1.105848903968648100e-02 9.283673684621925304e+01
2.818886539816767289e-03 1.300222280647242434e-02 9.276519869316727807e+01
2.818886539816767289e-03 1.500270792411345644e-02 9.271370164313856321e+01
9.540846750148990196e-04 1.602501465702560468e-02 9.269479433282972991e+01
1.390002673082063600e-02 3.738949265161325974e-02 9.229508126630128118e+01
1.156221258704506760e-02 3.738949265161325974e-02 9.230894892884465719e+01
1.272112900019878312e-02 3.469915097822073857e-02 9.233716297911898607e+01
1.756191260204431615e-02 4.160046222735808152e-02 9.222818596873392494e+01
1.509942703067071457e-02 4.017260472753655942e-02 9.225572327978467513e+01
1.953244216565952485e-03 2.714057199107033913e-02 9.249954794871248964e+01
1.631986944104446557e-02 4.305336985875540812e-02 9.221931536362330917e+01
2.953119232188994303e-03 2.248913876820854418e-02 9.255830412512348460e+01
9.540846750148990196e-04 1.500270792411345644e-02 9.272201012248143570e+01
1.156221258704506760e-02 3.338733148458306044e-02 9.235935166629298010e+01
8.200397206739706846e-03 2.957882327724789540e-02 9.242596020350362096e+01
8.200397206739706846e-03 3.469915097822073857e-02 9.236516243981166951e+01
2.953119232188994303e-03 2.477851605758582543e-02 9.251833130421104556e+01
1.390002673082063600e-02 4.160046222735808152e-02 9.225323353941227822e+01
1.893603171785315786e-03 1.300222280647242434e-02 9.277264605723638624e+01
5.001250312578142676e-03 2.477851605758582543e-02 9.251410786881173465e+01
0.000000000000000000e+00 1.500270792411345644e-02 9.273000114078217848e+01
1.893603171785315786e-03 1.602501465702560468e-02 9.269169989332364423e+01
5.001250312578142676e-03 3.209701722854602091e-02 9.242400320272788861e+01
0.000000000000000000e+00 1.300222280647242434e-02 9.279526759517835899e+01
1.390002673082063600e-02 3.603301785830612114e-02 9.231498169483506899e+01
5.001250312578142676e-03 3.469915097822073857e-02 9.241586969627468306e+01
9.302325581395348708e-03 4.017260472753655942e-02 9.232777091335896102e+01
7.116533231668581427e-03 2.957882327724789540e-02 9.242898528496557731e+01
9.302325581395348708e-03 3.209701722854602091e-02 9.238433464845232379e+01
1.953244216565952485e-03 2.248913876820854418e-02 9.255935280323241443e+01
1.156221258704506760e-02 3.469915097822073857e-02 9.233969974822217353e+01
1.953244216565952485e-03 2.957882327724789540e-02 9.248515423384981204e+01
9.689922480620172252e-04 2.362495385751200994e-02 9.254685155685608322e+01
1.272112900019878312e-02 3.738949265161325974e-02 9.230048854350837928e+01
7.116533231668581427e-03 3.469915097822073857e-02 9.237935325012000476e+01
1.156221258704506760e-02 3.876915504822481262e-02 9.229799845902543609e+01
1.893603171785315786e-03 1.500270792411345644e-02 9.271659674917047766e+01
0.000000000000000000e+00 2.714057199107033913e-02 9.252963001821966316e+01
0.000000000000000000e+00 2.248913876820854418e-02 9.256926055735361558e+01
0.000000000000000000e+00 1.706246667486976953e-02 9.267300811511309178e+01
1.893603171785315786e-03 1.706246667486976953e-02 9.266895079650765865e+01
9.689922480620172252e-04 2.834994462901441192e-02 9.250738911304895851e+01
2.953119232188994303e-03 2.957882327724789540e-02 9.246866826487885760e+01
9.689922480620172252e-04 2.595024459151909491e-02 9.252195276103697097e+01
9.302325581395348708e-03 3.603301785830612114e-02 9.234277226465873412e+01
9.540846750148990196e-04 1.811540305118924943e-02 9.264680453913814517e+01
9.689922480620172252e-04 2.477851605758582543e-02 9.253314095687619556e+01
1.272112900019878312e-02 4.017260472753655942e-02 9.227561487598681822e+01
9.302325581395348708e-03 3.876915504822481262e-02 9.232969209338862981e+01
2.011313639220616012e-02 4.160046222735808152e-02 9.222788159989194412e+01
1.042277376066705341e-02 3.209701722854602091e-02 9.238154755813053498e+01
6.050293061070161071e-03 3.209701722854602091e-02 9.240994922310126469e+01
6.050293061070161071e-03 2.714057199107033913e-02 9.247039948634657947e+01
1.631986944104446557e-02 3.876915504822481262e-02 9.227064217148173952e+01
5.001250312578142676e-03 2.714057199107033913e-02 9.247365102986100283e+01
1.509942703067071457e-02 4.453199266946952783e-02 9.222320697318602356e+01
3.968992248062019890e-03 2.714057199107033913e-02 9.247963662555771691e+01
8.200397206739706846e-03 3.738949265161325974e-02 9.235188026765445102e+01
2.953119232188994303e-03 2.834994462901441192e-02 9.247714517069572082e+01
1.042277376066705341e-02 3.738949265161325974e-02 9.232038426331635605e+01
3.968992248062019890e-03 2.957882327724789540e-02 9.245474444470582398e+01
9.302325581395348708e-03 3.338733148458306044e-02 9.236765303932226345e+01
7.116533231668581427e-03 2.834994462901441192e-02 9.244817660000252602e+01
1.756191260204431615e-02 4.305336985875540812e-02 9.221096710753880643e+01
2.953119232188994303e-03 3.209701722854602091e-02 9.245998516881536489e+01
1.156221258704506760e-02 3.603301785830612114e-02 9.232287451962683633e+01
9.689922480620172252e-04 2.137066436729137542e-02 9.258160584639095703e+01
1.042277376066705341e-02 3.469915097822073857e-02 9.234526269264506482e+01
7.116533231668581427e-03 3.603301785830612114e-02 9.237407564698376916e+01
1.272112900019878312e-02 4.160046222735808152e-02 9.226779872805016680e+01
2.011313639220616012e-02 4.756916384823361987e-02 9.215210648952353267e+01
7.116533231668581427e-03 3.209701722854602091e-02 9.239860725032239941e+01
3.968992248062019890e-03 3.209701722854602091e-02 9.244070315374580105e+01
1.953244216565952485e-03 2.477851605758582543e-02 9.252444455698234549e+01
1.042277376066705341e-02 4.160046222735808152e-02 9.230577569921122461e+01
5.001250312578142676e-03 2.595024459151909491e-02 9.249262870148750437e+01
9.302325581395348708e-03 3.082768369211932868e-02 9.240375046460917474e+01
3.968992248062019890e-03 2.477851605758582543e-02 9.251486409076581197e+01
1.756191260204431615e-02 4.453199266946952783e-02 9.219691085090332194e+01
2.953119232188994303e-03 2.362495385751200994e-02 9.253710550560664672e+01
8.200397206739706846e-03 3.209701722854602091e-02 9.239004553732985414e+01
5.001250312578142676e-03 3.082768369211932868e-02 9.243234578913876476e+01
9.540846750148990196e-04 1.706246667486976953e-02 9.266970969878094877e+01
2.953119232188994303e-03 2.714057199107033913e-02 9.248829023948094630e+01
1.272112900019878312e-02 4.453199266946952783e-02 9.226182322015054638e+01
5.001250312578142676e-03 2.957882327724789540e-02 9.244344566696102561e+01
7.116533231668581427e-03 3.338733148458306044e-02 9.238755476644645626e+01
7.116533231668581427e-03 3.082768369211932868e-02 9.241244016520607829e+01
8.200397206739706846e-03 3.876915504822481262e-02 9.234977827185483079e+01
6.050293061070161071e-03 2.834994462901441192e-02 9.245131630613997231e+01
2.953119232188994303e-03 3.082768369211932868e-02 9.246292552919595664e+01
1.509942703067071457e-02 4.160046222735808152e-02 9.224172142916970074e+01
6.050293061070161071e-03 3.469915097822073857e-02 9.239627804135568567e+01
0.000000000000000000e+00 1.918417305722777688e-02 9.262466652699713165e+01
1.953244216565952485e-03 2.362495385751200994e-02 9.254067672126835475e+01
1.953244216565952485e-03 2.595024459151909491e-02 9.251071483075601520e+01
1.509942703067071457e-02 4.756916384823361987e-02 9.221792403855747011e+01
1.953244216565952485e-03 2.137066436729137542e-02 9.258041609517910331e+01
5.001250312578142676e-03 3.338733148458306044e-02 9.241848726854638585e+01
1.272112900019878312e-02 3.603301785830612114e-02 9.231738841007849317e+01
5.001250312578142676e-03 2.834994462901441192e-02 9.245723572879981589e+01
6.050293061070161071e-03 2.957882327724789540e-02 9.243483690231373373e+01
8.200397206739706846e-03 3.603301785830612114e-02 9.235703413406359630e+01
1.953244216565952485e-03 3.209701722854602091e-02 9.248178738363672835e+01
1.042277376066705341e-02 3.338733148458306044e-02 9.236201519000832150e+01
8.200397206739706846e-03 2.834994462901441192e-02 9.244788656678184680e+01
2.953119232188994303e-03 2.595024459151909491e-02 9.250203957419154221e+01
1.953244216565952485e-03 3.082768369211932868e-02 9.248205835060159075e+01
0.000000000000000000e+00 2.595024459151909491e-02 9.253569293434890142e+01
3.968992248062019890e-03 2.362495385751200994e-02 9.253620130035864122e+01
8.200397206739706846e-03 3.338733148458306044e-02 9.237619035390511613e+01
8.200397206739706846e-03 3.082768369211932868e-02 9.240665804012262186e+01
6.050293061070161071e-03 2.595024459151909491e-02 9.249202408847787638e+01
0.000000000000000000e+00 2.834994462901441192e-02 9.252623420640715324e+01
6.050293061070161071e-03 3.603301785830612114e-02 9.239382800035168941e+01
1.042277376066705341e-02 3.876915504822481262e-02 9.231240803977742360e+01
1.953244216565952485e-03 2.834994462901441192e-02 9.249100627933451335e+01
6.050293061070161071e-03 3.082768369211932868e-02 9.242102568846763688e+01
0.000000000000000000e+00 2.362495385751200994e-02 9.255556861646985567e+01
3.968992248062019890e-03 2.834994462901441192e-02 9.246586718442431163e+01
0.000000000000000000e+00 2.137066436729137542e-02 9.258537780027216968e+01
1.042277376066705341e-02 3.603301785830612114e-02 9.233136119178227830e+01
3.968992248062019890e-03 3.082768369211932868e-02 9.244633388238486305e+01
3.968992248062019890e-03 2.595024459151909491e-02 9.249598938525313940e+01
6.050293061070161071e-03 3.338733148458306044e-02 9.240167629969261043e+01
3.968992248062019890e-03 3.338733148458306044e-02 9.243792218694086671e+01
1.509942703067071457e-02 3.876915504822481262e-02 9.227277841155139981e+01
1.272112900019878312e-02 3.876915504822481262e-02 9.228653821317101347e+01
