1.237137928983525481e-02 5.485986881335719323e-02 8.325866588443632565e+01
1.003971455407842717e-02 5.315614617940200848e-02 8.331708550537287294e+01
1.459188326493388033e-03 2.480620155038759655e-02 8.345441574594860867e+01
5.170352337968697753e-04 2.246230849050845357e-02 8.349867255443851377e+01
4.632343893629792264e-04 2.019109428519921812e-02 8.352769974604206027e+01
7.786425103557148564e-03 4.984423676012461613e-02 8.335394067193642798e+01
1.433678041065181152e-02 8.213974023307119010e-04 8.401537015613612880e+01
4.545012820225319272e-03 4.061192289222748109e-02 8.336641587940866316e+01
1.278083392354137371e-02 2.531245056162007012e-03 8.392200279218266701e+01
2.471206036803313966e-03 3.231059865806787390e-02 8.339276443093370972e+01
5.170352337968697753e-04 2.600650162540635302e-02 8.346715853160476684e+01
1.118011199795293509e-02 8.324228708183750713e-04 8.398687206482378542e+01
3.499679319638626662e-03 3.231059865806787390e-02 8.337396897116687455e+01
1.459188326493388033e-03 3.231059865806787390e-02 8.341373878588098023e+01
1.459188326493388033e-03 2.972643987443140956e-02 8.341758338632914160e+01
4.632343893629792264e-04 2.722631877481565543e-02 8.344519597307510139e+01
4.632343893629792264e-04 2.531245056162007012e-03 8.418198429978009756e+01
5.607624560491131227e-03 2.480620155038759655e-02 8.343970670685276048e+01
1.459188326493388033e-03 2.722631877481565543e-02 8.343130245912172427e+01
4.632343893629792264e-04 1.676094699350511030e-03 8.423317037952011788e+01
5.170352337968697753e-04 2.480620155038759655e-02 8.347540940620312711e+01
4.632343893629792264e-04 8.324228708183750713e-04 8.428570651705295802e+01
2.431980544155651347e-03 1.480967256739557092e-02 8.363733283416749487e+01
4.632343893629792264e-04 5.167958656330740030e-03 8.403681050127748620e+01
1.198618982476711003e-02 4.276931301790964923e-03 8.387720219729263249e+01
1.584980423604887001e-02 8.324228708183750713e-04 8.396562173148633690e+01
1.433678041065181152e-02 2.531245056162007012e-03 8.392164897109513788e+01
3.499679319638626662e-03 2.246230849050845357e-02 8.348336286758204494e+01
1.278083392354137371e-02 8.324228708183750713e-04 8.397248282399861807e+01
1.459188326493388033e-03 2.019109428519921812e-02 8.352705501362235907e+01
1.036235188379362737e-02 6.071447931913054319e-03 8.383350607133417043e+01
4.288454241984387960e-03 0.000000000000000000e+00 8.417008408406216802e+01
6.089094144389697871e-03 0.000000000000000000e+00 8.411901033164866703e+01
3.367357676523199950e-03 8.324228708183750713e-04 8.415260460459182923e+01
1.459188326493388033e-03 2.246230849050845357e-02 8.348647368877048791e+01
2.431980544155651347e-03 1.676094699350511030e-03 8.413523081242061608e+01
6.969257678774390397e-03 1.078530502190766516e-02 8.372407019238919190e+01
1.278083392354137371e-02 3.398109801422966036e-03 8.389906292738253057e+01
1.036235188379362737e-02 4.276931301790964923e-03 8.388177178002787571e+01
7.836381753390408988e-03 8.213974023307119010e-04 8.411586739713528971e+01
2.431980544155651347e-03 0.000000000000000000e+00 8.423048620713704793e+01
1.036235188379362737e-02 3.398109801422966036e-03 8.390828349106436690e+01
1.481988144094850690e-03 1.276789785681714529e-02 8.369558813806864350e+01
5.170352337968697753e-04 8.213974023307119010e-04 8.435396069846513001e+01
1.875399761902575568e-02 0.000000000000000000e+00 8.400063542779159320e+01
1.481988144094850690e-03 8.213974023307119010e-04 8.431578031640390236e+01
6.969257678774390397e-03 8.859357696567010665e-03 8.377010892058289926e+01
5.170352337968697753e-04 8.324228708183750713e-04 8.424867308103759456e+01
7.836381753390408988e-03 3.398109801422966036e-03 8.393494215210962750e+01
6.969257678774390397e-03 3.398109801422966036e-03 8.394790858111635146e+01
5.170352337968697753e-04 1.676094699350511030e-03 8.419801601969589910e+01
1.118011199795293509e-02 4.276931301790964923e-03 8.387854620507864922e+01
8.690754003379735915e-03 4.276931301790964923e-03 8.389403578403661754e+01
9.532653665777976459e-03 6.987662408559885963e-03 8.381167106269865030e+01
4.632343893629792264e-04 1.585358745701462291e-02 8.362437802137574749e+01
3.367357676523199950e-03 1.676094699350511030e-03 8.410748263628318000e+01
4.288454241984387960e-03 1.676094699350511030e-03 8.408208888754154486e+01
5.195594798877975484e-03 1.078530502190766516e-02 8.372682196737234506e+01
9.532653665777976459e-03 8.324228708183750713e-04 8.400899912446321594e+01
7.836381753390408988e-03 8.324228708183750713e-04 8.403921234948759889e+01
8.690754003379735915e-03 7.916872835230098771e-03 8.378984502687929137e+01
1.481988144094850690e-03 2.531245056162007012e-03 8.411796580846969107e+01
5.195594798877975484e-03 8.324228708183750713e-04 8.410050844033385431e+01
5.170352337968697753e-04 1.691331923890063149e-02 8.359385217561035120e+01
5.170352337968697753e-04 3.398109801422966036e-03 8.410081281040432089e+01
5.170352337968697753e-04 1.798923013196046528e-02 8.357078136037908678e+01
1.481988144094850690e-03 8.324228708183750713e-04 8.421418463937672527e+01
9.532653665777976459e-03 4.276931301790964923e-03 8.388692064930197034e+01
4.632343893629792264e-04 1.078530502190766516e-02 8.378695617347962354e+01
3.367357676523199950e-03 1.078530502190766516e-02 8.373795054162087581e+01
1.198618982476711003e-02 8.324228708183750713e-04 8.397873120089056442e+01
8.690754003379735915e-03 6.071447931913054319e-03 8.383870300901713790e+01
1.481988144094850690e-03 1.585358745701462291e-02 8.361558690852747588e+01
1.481988144094850690e-03 8.859357696567010665e-03 8.382690409016738897e+01
1.118011199795293509e-02 2.531245056162007012e-03 8.392966511572748800e+01
9.532653665777976459e-03 3.398109801422966036e-03 8.391517485233974583e+01
4.632343893629792264e-04 4.276931301790964923e-03 8.408377515796078683e+01
6.089094144389697871e-03 8.324228708183750713e-04 8.407788133171945333e+01
9.532653665777976459e-03 2.531245056162007012e-03 8.394496008585556979e+01
7.836381753390408988e-03 5.167958656330740030e-03 8.387292094875625992e+01
6.969257678774390397e-03 9.815403491160556992e-03 8.374622072846429433e+01
2.431980544155651347e-03 1.585358745701462291e-02 8.361454025940855672e+01
4.288454241984387960e-03 1.276789785681714529e-02 8.368085713254644986e+01
4.632343893629792264e-04 1.480967256739557092e-02 8.365332431850953299e+01
7.836381753390408988e-03 9.815403491160556992e-03 8.374599757695075652e+01
4.632343893629792264e-04 6.987662408559885963e-03 8.394731327688123201e+01
4.632343893629792264e-04 1.798923013196046528e-02 8.357212893213004179e+01
6.089094144389697871e-03 1.676094699350511030e-03 8.403814941880004596e+01
6.089094144389697871e-03 1.078530502190766516e-02 8.372442291319846674e+01
4.288454241984387960e-03 8.324228708183750713e-04 8.412539855380984477e+01
2.431980544155651347e-03 5.167958656330740030e-03 8.396154580006779611e+01
6.089094144389697871e-03 3.398109801422966036e-03 8.396299282282643617e+01
7.836381753390408988e-03 8.859357696567010665e-03 8.376802817561105030e+01
5.195594798877975484e-03 5.167958656330740030e-03 8.390739121781024323e+01
6.969257678774390397e-03 2.531245056162007012e-03 8.398297109976334696e+01
4.632343893629792264e-04 8.859357696567010665e-03 8.386393879898857051e+01
6.969257678774390397e-03 6.071447931913054319e-03 8.385183100642674958e+01
1.481988144094850690e-03 3.398109801422966036e-03 8.407194244405224026e+01
5.195594798877975484e-03 3.398109801422966036e-03 8.398024365145542447e+01
6.969257678774390397e-03 5.167958656330740030e-03 8.388230657749187458e+01
5.195594798877975484e-03 8.859357696567010665e-03 8.378040611816454941e+01
1.481988144094850690e-03 6.987662408559885963e-03 8.390244860874503274e+01
6.969257678774390397e-03 6.987662408559885963e-03 8.382294985113705366e+01
5.170352337968697753e-04 1.480967256739557092e-02 8.364572622759948217e+01
5.195594798877975484e-03 6.987662408559885963e-03 8.384068989547462536e+01
5.170352337968697753e-04 8.859357696567010665e-03 8.384422677093346010e+01
5.195594798877975484e-03 9.815403491160556992e-03 8.375275831690822770e+01
1.481988144094850690e-03 1.078530502190766516e-02 8.375785402342667396e+01
7.836381753390408988e-03 2.531245056162007012e-03 8.396823131828833198e+01
4.288454241984387960e-03 6.987662408559885963e-03 8.385276850371924695e+01
2.431980544155651347e-03 8.324228708183750713e-04 8.418218119022417056e+01
4.288454241984387960e-03 1.378122308354867709e-02 8.365833018604128313e+01
4.632343893629792264e-04 9.815403491160556992e-03 8.382463107270936575e+01
4.632343893629792264e-04 1.378122308354867709e-02 8.368409539809078979e+01
6.089094144389697871e-03 1.176936569908901276e-02 8.370214972829860756e+01
1.481988144094850690e-03 1.176936569908901276e-02 8.372585428033247013e+01
3.367357676523199950e-03 6.071447931913054319e-03 8.390336420601740031e+01
3.367357676523199950e-03 6.987662408559885963e-03 8.386705288239595291e+01
6.089094144389697871e-03 8.859357696567010665e-03 8.377421931961393398e+01
5.195594798877975484e-03 2.531245056162007012e-03 8.401889728776717448e+01
6.089094144389697871e-03 2.531245056162007012e-03 8.399984338548578933e+01
3.367357676523199950e-03 8.859357696567010665e-03 8.379920319045318422e+01
6.969257678774390397e-03 7.916872835230098771e-03 8.379569739673689810e+01
3.367357676523199950e-03 9.815403491160556992e-03 8.376773424328786177e+01
2.431980544155651347e-03 6.987662408559885963e-03 8.388359503372072368e+01
5.195594798877975484e-03 1.176936569908901276e-02 8.370263496613439713e+01
1.481988144094850690e-03 4.276931301790964923e-03 8.402734852943002863e+01
9.532653665777976459e-03 6.071447931913054319e-03 8.383513514475512807e+01
7.836381753390408988e-03 6.071447931913054319e-03 8.384425330799787446e+01
1.481988144094850690e-03 1.378122308354867709e-02 8.366709456185509453e+01
3.367357676523199950e-03 5.167958656330740030e-03 8.394122186108808137e+01
4.288454241984387960e-03 3.398109801422966036e-03 8.399971135169997183e+01
4.288454241984387960e-03 5.167958656330740030e-03 8.392318791492999708e+01
7.836381753390408988e-03 6.987662408559885963e-03 8.381719210295150901e+01
4.632343893629792264e-04 7.916872835230098771e-03 8.390484423793267865e+01
3.367357676523199950e-03 2.531245056162007012e-03 8.406375405537494316e+01
4.288454241984387960e-03 1.078530502190766516e-02 8.373131485076245895e+01
5.170352337968697753e-04 5.167958656330740030e-03 8.400928306020722403e+01
7.836381753390408988e-03 4.276931301790964923e-03 8.390316144606903492e+01
7.836381753390408988e-03 7.916872835230098771e-03 8.379177187758503464e+01
3.367357676523199950e-03 1.176936569908901276e-02 8.370988940090742858e+01
2.431980544155651347e-03 1.378122308354867709e-02 8.366199413469122703e+01
6.089094144389697871e-03 5.167958656330740030e-03 8.389378063451039225e+01
5.170352337968697753e-04 1.078530502190766516e-02 8.377122772176095111e+01
3.367357676523199950e-03 7.916872835230098771e-03 8.383232113990332834e+01
2.431980544155651347e-03 1.078530502190766516e-02 8.374677955891641545e+01
1.481988144094850690e-03 5.167958656330740030e-03 8.398421414800019136e+01
3.367357676523199950e-03 1.378122308354867709e-02 8.365908966707607419e+01
2.431980544155651347e-03 2.531245056162007012e-03 8.408966299034767644e+01
4.632343893629792264e-04 6.071447931913054319e-03 8.399131276939911572e+01
3.367357676523199950e-03 4.276931301790964923e-03 8.398059352654001941e+01
4.632343893629792264e-04 1.176936569908901276e-02 8.375095025448371189e+01
2.431980544155651347e-03 8.859357696567010665e-03 8.381191442208043441e+01
4.288454241984387960e-03 8.859357696567010665e-03 8.378871750935168450e+01
5.170352337968697753e-04 1.276789785681714529e-02 8.370495926356758787e+01
5.170352337968697753e-04 1.378122308354867709e-02 8.367444355068550976e+01
6.089094144389697871e-03 6.987662408559885963e-03 8.383076664139579748e+01
5.170352337968697753e-04 2.531245056162007012e-03 8.414871984929010296e+01
5.170352337968697753e-04 1.585358745701462291e-02 8.361884833526531224e+01
2.431980544155651347e-03 1.276789785681714529e-02 8.368848246547500480e+01
3.367357676523199950e-03 3.398109801422966036e-03 8.402144777769487405e+01
2.431980544155651347e-03 9.815403491160556992e-03 8.377851091967266939e+01
5.195594798877975484e-03 6.071447931913054319e-03 8.387325536936950243e+01
5.170352337968697753e-04 6.987662408559885963e-03 8.392366897325885589e+01
1.481988144094850690e-03 6.071447931913054319e-03 8.394257023516627214e+01
6.089094144389697871e-03 7.916872835230098771e-03 8.380166726418138978e+01
4.288454241984387960e-03 7.916872835230098771e-03 8.381992983650835072e+01
6.969257678774390397e-03 4.276931301790964923e-03 8.391434323678872431e+01
2.431980544155651347e-03 4.276931301790964923e-03 8.400279057756492307e+01
5.195594798877975484e-03 7.916872835230098771e-03 8.380972856352659051e+01
4.288454241984387960e-03 1.176936569908901276e-02 8.370519865076236954e+01
5.170352337968697753e-04 4.276931301790964923e-03 8.405432393220901588e+01
2.431980544155651347e-03 6.071447931913054319e-03 8.392180326230518972e+01
4.288454241984387960e-03 2.531245056162007012e-03 8.404018343987024764e+01
4.288454241984387960e-03 6.071447931913054319e-03 8.388719903270690281e+01
5.170352337968697753e-04 6.071447931913054319e-03 8.396572088516134613e+01
2.431980544155651347e-03 3.398109801422966036e-03 8.404550641475441353e+01
6.089094144389697871e-03 6.071447931913054319e-03 8.386148244025828546e+01
5.170352337968697753e-04 9.815403491160556992e-03 8.380690428012863435e+01
1.481988144094850690e-03 7.916872835230098771e-03 8.386388200068564913e+01
6.089094144389697871e-03 9.815403491160556992e-03 8.374845883934884228e+01
4.288454241984387960e-03 9.815403491160556992e-03 8.375916700563135464e+01
1.481988144094850690e-03 9.815403491160556992e-03 8.379154953814646944e+01
5.170352337968697753e-04 1.176936569908901276e-02 8.373723353958610005e+01
5.195594798877975484e-03 4.276931301790964923e-03 8.394306461648685058e+01
2.431980544155651347e-03 7.916872835230098771e-03 8.384695410512992453e+01
2.431980544155651347e-03 1.176936569908901276e-02 8.371675736470260176e+01
5.170352337968697753e-04 7.916872835230098771e-03 8.388315979758007757e+01
6.089094144389697871e-03 4.276931301790964923e-03 8.392762814822424389e+01
4.288454241984387960e-03 4.276931301790964923e-03 8.396070257769842726e+01
