6.487099933188728018e-02 1.091371647925097055e-01 7.338786292075928941e+01
6.008867003862589096e-02 1.029193468579910897e-01 7.342868282133203195e+01
3.940106579249511021e-02 7.161584967041467742e-02 7.363428668027772517e+01
5.554250515490824491e-02 9.702453245253839231e-02 7.346970072940919749e+01
3.580915208822185725e-02 6.721929107665394754e-02 7.367723843591708999e+01
5.121543255474328427e-02 9.142818966255164548e-02 7.351089785268713683e+01
3.237172929596035531e-02 6.301598780569586666e-02 7.372022514453713882e+01
4.709198690046842439e-02 8.610820947947783743e-02 7.355225768944626452e+01
6.008867003862589096e-02 8.610820947947783743e-02 7.346906505179261160e+01
4.315812495443610564e-02 8.104461388354008977e-02 7.359376570103010806e+01
6.244917872824851113e-02 8.354553609860690400e-02 7.350264509344879116e+01
6.008867003862589096e-02 8.104461388354008977e-02 7.352326642654715272e+01
3.580915208822185725e-02 7.161584967041467742e-02 7.367717630814333063e+01
7.644438074079357159e-04 2.021709899166101998e-02 7.427999975648363318e+01
5.554250515490824491e-02 7.860323743549868514e-02 7.353602586357926896e+01
3.237172929596035531e-02 6.721929107665394754e-02 7.371905738488338500e+01
1.299700358816283097e-02 2.118871075122430447e-04 7.466944909099547090e+01
5.121543255474328427e-02 7.621930513917590799e-02 7.355468400216336988e+01
1.127554615926708304e-02 2.052522586911492697e-03 7.462688938297557684e+01
9.499869598752583300e-03 3.948515524337808946e-03 7.458438619058226493e+01
2.907904009495196340e-02 6.301598780569586666e-02 7.376104323931129159e+01
4.709198690046842439e-02 6.509428775633624431e-02 7.367881373405883494e+01
4.709198690046842439e-02 7.161584967041467742e-02 7.359755981685044901e+01
4.315812495443610564e-02 6.721929107665394754e-02 7.364047568098160923e+01
3.940106579249511021e-02 6.301598780569586666e-02 7.368342889796444695e+01
3.580915208822185725e-02 5.899347177219838034e-02 7.372641706492841251e+01
4.315812495443610564e-02 7.161584967041467742e-02 7.360736387438586803e+01
3.940106579249511021e-02 6.721929107665394754e-02 7.365068605241692978e+01
2.592213189192330014e-02 5.899347177219838034e-02 7.380312580132124367e+01
1.857148779173403708e-02 4.449648329503905209e-02 7.392169343405764437e+01
3.820639607685541450e-03 3.948515524337808946e-03 7.463737830789003169e+01
3.580915208822185725e-02 6.301598780569586666e-02 7.369401849943871241e+01
3.580915208822185725e-02 6.098286828876506305e-02 7.370833037107821895e+01
9.499869598752583300e-03 2.118871075122430447e-04 7.469186517076772702e+01
3.237172929596035531e-02 5.899347177219838034e-02 7.373736119178228421e+01
7.667371388301619239e-03 2.052522586911492697e-03 7.465120926856604910e+01
3.070787039119549089e-02 5.704640284109052661e-02 7.375903637257309242e+01
5.775279740112410076e-03 5.902401375884019918e-03 7.455163756345412196e+01
3.237172929596035531e-02 5.514032483484812563e-02 7.376943803484012108e+01
2.907904009495196340e-02 5.144607055470820645e-02 7.381248988420119872e+01
1.718699754373720356e-02 4.618175820550882160e-02 7.393109062262281839e+01
7.644438074079357159e-04 7.916872835230098771e-03 7.454380478056926052e+01
1.800297285933394331e-03 7.916872835230098771e-03 7.453016893229475670e+01
2.289277553548166311e-02 5.514032483484812563e-02 7.384529783942750214e+01
2.891165681863372416e-04 9.994792214555570098e-03 7.449016403190782398e+01
7.667371388301619239e-03 2.118871075122430447e-04 7.471571834554978864e+01
2.592213189192330014e-02 4.790107907376586760e-02 7.385557088540754478e+01
5.775279740112410076e-03 2.052522586911492697e-03 7.467644020485123235e+01
7.667371388301619239e-03 3.948515524337808946e-03 7.459318388073310757e+01
5.775279740112410076e-03 4.918057367339911945e-03 7.458031620909274295e+01
1.582913210820188765e-02 4.284425299065691695e-02 7.395719120232449484e+01
2.142353770260746471e-02 4.449648329503905209e-02 7.390313016575922234e+01
2.891165681863372416e-04 4.918057367339911945e-03 7.467760264151732486e+01
5.775279740112410076e-03 3.948515524337808946e-03 7.461070176658002140e+01
3.820639607685541450e-03 5.902401375884019918e-03 7.457035171990571598e+01
2.907904009495196340e-02 5.514032483484812563e-02 7.378071410585145884e+01
3.560698787136967747e-03 2.527843607038376961e-02 7.419307212974818810e+01
5.775279740112410076e-03 7.916872835230098771e-03 7.449956165405519926e+01
2.818886539816767289e-03 2.052522586911492697e-03 7.473186803626857966e+01
1.800297285933394331e-03 1.575780444422289484e-03 7.493669005286771778e+01
3.820639607685541450e-03 2.118871075122430447e-04 7.479083413588003282e+01
1.800297285933394331e-03 5.902401375884019918e-03 7.459854625741763812e+01
1.800297285933394331e-03 2.052522586911492697e-03 7.475527213456771847e+01
1.127554615926708304e-02 3.948515524337808946e-03 7.458389781394463114e+01
2.451205686797186534e-03 2.118871075122430447e-04 7.497928762430287009e+01
1.800297285933394331e-03 3.948515524337808946e-03 7.467368189687447000e+01
9.499869598752583300e-03 5.902401375884019918e-03 7.454083483114361286e+01
3.820639607685541450e-03 9.994792214555570098e-03 7.445724709351465265e+01
7.667371388301619239e-03 7.916872835230098771e-03 7.449780444073269337e+01
2.289277553548166311e-02 5.327395678706911553e-02 7.384553064586745563e+01
1.800297285933394331e-03 1.213920501401946628e-02 7.441500266696382937e+01
2.891165681863372416e-04 2.052522586911492697e-03 7.480985720493026747e+01
1.998339368820603590e-02 5.144607055470820645e-02 7.388755285802201911e+01
5.775279740112410076e-03 9.994792214555570098e-03 7.445480815879977854e+01
1.718699754373720356e-02 4.790107907376586760e-02 7.392988500902629312e+01
2.891165681863372416e-04 3.948515524337808946e-03 7.472011345864277132e+01
2.142353770260746471e-02 4.790107907376586760e-02 7.387837239529004307e+01
2.891165681863372416e-04 5.902401375884019918e-03 7.463671447310484552e+01
2.891165681863372416e-04 7.916872835230098771e-03 7.455995879282593819e+01
3.820639607685541450e-03 7.916872835230098771e-03 7.451019844226782141e+01
2.592213189192330014e-02 5.144607055470820645e-02 7.382407721812239743e+01
1.582913210820188765e-02 3.654707333999296370e-02 7.400656282545685372e+01
1.360841777842569655e-03 2.931382644396005044e-02 7.420557357211076521e+01
1.064912692819669493e-02 3.963511336099165283e-02 7.403601944151999703e+01
1.998339368820603590e-02 4.965548812300774051e-02 7.388828711766466029e+01
1.319026154480301694e-02 4.284425299065691695e-02 7.399351645568955860e+01
2.891165681863372416e-04 1.435335481509195099e-02 7.437283251962142572e+01
1.064912692819669493e-02 3.070787039119549089e-02 7.409297501166247457e+01
1.718699754373720356e-02 3.963511336099165283e-02 7.396812846429199340e+01
1.319026154480301694e-02 3.357340517162388238e-02 7.404975779870623853e+01
1.064912692819669493e-02 3.357340517162388238e-02 7.406275558407430992e+01
2.592213189192330014e-02 5.514032483484812563e-02 7.380629505620865416e+01
2.289277553548166311e-02 4.449648329503905209e-02 7.389867948301687761e+01
1.449713077620054524e-02 3.357340517162388238e-02 7.404759053317835082e+01
1.998339368820603590e-02 3.963511336099165283e-02 7.396180854312422071e+01
5.839122118191875099e-03 2.794467613863951816e-02 7.414962327241661910e+01
1.319026154480301694e-02 3.963511336099165283e-02 7.400036150022549464e+01
3.560698787136967747e-03 2.270413531482651237e-02 7.422275138990744381e+01
2.289277553548166311e-02 5.144607055470820645e-02 7.384937460819328692e+01
1.998339368820603590e-02 4.790107907376586760e-02 7.389248175965268217e+01
1.800297285933394331e-03 1.435335481509195099e-02 7.436892462014206728e+01
3.820639607685541450e-03 1.213920501401946628e-02 7.441184762598477676e+01
1.800297285933394331e-03 9.994792214555570098e-03 7.446887303794417790e+01
2.289277553548166311e-02 4.790107907376586760e-02 7.386745050514340960e+01
8.200397206739706846e-03 2.794467613863951816e-02 7.413621355571194727e+01
2.891165681863372416e-04 1.213920501401946628e-02 7.442766842297032781e+01
4.689828933500478358e-03 2.270413531482651237e-02 7.421959545162187055e+01
1.190781977567459404e-02 3.070787039119549089e-02 7.409053968145180136e+01
1.360841777842569655e-03 2.659975858208574184e-02 7.421028315462316982e+01
3.560698787136967747e-03 3.212749312645357680e-02 7.416327384529240874e+01
1.998339368820603590e-02 4.284425299065691695e-02 7.392479280467262015e+01
4.689828933500478358e-03 3.357340517162388238e-02 7.414215161274910315e+01
3.560698787136967747e-03 2.144998879288834148e-02 7.424113284206949004e+01
1.582913210820188765e-02 4.122410482810745513e-02 7.396502837194285007e+01
2.451205686797186534e-03 2.270413531482651237e-02 7.422841853549525126e+01
3.560698787136967747e-03 2.398009308062445943e-02 7.420671032825086399e+01
9.413529362323896921e-03 2.794467613863951816e-02 7.413352477753154801e+01
8.200397206739706846e-03 3.070787039119549089e-02 7.410618441621885211e+01
1.998339368820603590e-02 4.122410482810745513e-02 7.394181427330588008e+01
1.360841777842569655e-03 2.270413531482651237e-02 7.423653096536385476e+01
5.839122118191875099e-03 3.212749312645357680e-02 7.412421674601628752e+01
5.839122118191875099e-03 2.527843607038376961e-02 7.417947260135919407e+01
3.560698787136967747e-03 2.794467613863951816e-02 7.417326555349600881e+01
2.891165681863372416e-04 1.664069965091061198e-02 7.432604107053201403e+01
5.839122118191875099e-03 3.504634361016184529e-02 7.412104859892190234e+01
2.451205686797186534e-03 3.070787039119549089e-02 7.418441469121809462e+01
1.449713077620054524e-02 4.284425299065691695e-02 7.397393825929815137e+01
1.582913210820188765e-02 3.807638839801136266e-02 7.398980140701978314e+01
1.998339368820603590e-02 4.449648329503905209e-02 7.391083394353468350e+01
1.360841777842569655e-03 2.398009308062445943e-02 7.422531414684343076e+01
3.560698787136967747e-03 2.931382644396005044e-02 7.416723377364762371e+01
1.319026154480301694e-02 3.807638839801136266e-02 7.400837689681533504e+01
5.839122118191875099e-03 3.070787039119549089e-02 7.413000793383855580e+01
8.200397206739706846e-03 3.654707333999296370e-02 7.407858317895143330e+01
2.451205686797186534e-03 2.021709899166101998e-02 7.426267774134497301e+01
2.451205686797186534e-03 2.794467613863951816e-02 7.418875452139351978e+01
1.449713077620054524e-02 3.654707333999296370e-02 7.401147770926941405e+01
5.839122118191875099e-03 2.398009308062445943e-02 7.419806575366843049e+01
5.839122118191875099e-03 2.270413531482651237e-02 7.421901903732494077e+01
1.064912692819669493e-02 2.931382644396005044e-02 7.411202785765158296e+01
1.449713077620054524e-02 3.963511336099165283e-02 7.398670095441470096e+01
1.582913210820188765e-02 3.963511336099165283e-02 7.397592808397341457e+01
1.319026154480301694e-02 3.504634361016184529e-02 7.403315733624637573e+01
9.413529362323896921e-03 3.654707333999296370e-02 7.405975566841006241e+01
8.200397206739706846e-03 2.659975858208574184e-02 7.415503021147878826e+01
1.064912692819669493e-02 3.654707333999296370e-02 7.404355503815186523e+01
1.582913210820188765e-02 4.449648329503905209e-02 7.395250909469017131e+01
2.451205686797186534e-03 1.900493002742908999e-02 7.428319907375573905e+01
1.064912692819669493e-02 3.807638839801136266e-02 7.403828678459919388e+01
8.200397206739706846e-03 3.504634361016184529e-02 7.408123378923666280e+01
3.560698787136967747e-03 3.070787039119549089e-02 7.416387827416622258e+01
9.413529362323896921e-03 3.070787039119549089e-02 7.409821583972777148e+01
2.891165681863372416e-04 2.398009308062445943e-02 7.423818878721085923e+01
9.413529362323896921e-03 2.659975858208574184e-02 7.415494626934878397e+01
2.451205686797186534e-03 2.144998879288834148e-02 7.424439796821710047e+01
1.319026154480301694e-02 4.122410482810745513e-02 7.399537779653378777e+01
4.689828933500478358e-03 2.527843607038376961e-02 7.418500519141271354e+01
2.891165681863372416e-04 1.900493002742908999e-02 7.428770508564535646e+01
7.009123288193058743e-03 2.527843607038376961e-02 7.417654394009886687e+01
4.689828933500478358e-03 3.070787039119549089e-02 7.414572111194841852e+01
1.190781977567459404e-02 3.654707333999296370e-02 7.403005616434981562e+01
1.190781977567459404e-02 3.963511336099165283e-02 7.401682740173093578e+01
8.200397206739706846e-03 3.357340517162388238e-02 7.408677081889285887e+01
1.319026154480301694e-02 3.212749312645357680e-02 7.406906048934727949e+01
1.449713077620054524e-02 4.449648329503905209e-02 7.397228901567832793e+01
4.689828933500478358e-03 3.212749312645357680e-02 7.414253460047768840e+01
9.413529362323896921e-03 3.357340517162388238e-02 7.407342454310051494e+01
4.689828933500478358e-03 2.144998879288834148e-02 7.424040091168266997e+01
5.839122118191875099e-03 2.659975858208574184e-02 7.416330314881977870e+01
1.718699754373720356e-02 4.122410482810745513e-02 7.395422750998791628e+01
7.009123288193058743e-03 3.357340517162388238e-02 7.410272089524254113e+01
2.451205686797186534e-03 2.931382644396005044e-02 7.418523456727048426e+01
8.200397206739706846e-03 3.212749312645357680e-02 7.409511359193918167e+01
2.891165681863372416e-04 2.144998879288834148e-02 7.425826411790679060e+01
1.857148779173403708e-02 4.122410482810745513e-02 7.394645891747977373e+01
1.582913210820188765e-02 3.504634361016184529e-02 7.402613007687610036e+01
1.449713077620054524e-02 3.504634361016184529e-02 7.402815747198872032e+01
1.998339368820603590e-02 3.807638839801136266e-02 7.398468929065724353e+01
1.064912692819669493e-02 3.212749312645357680e-02 7.407652643266389703e+01
1.319026154480301694e-02 3.654707333999296370e-02 7.401933679897254592e+01
1.190781977567459404e-02 3.504634361016184529e-02 7.404104493420346955e+01
1.190781977567459404e-02 4.122410482810745513e-02 7.401476010658548432e+01
7.009123288193058743e-03 2.659975858208574184e-02 7.415784056482345932e+01
1.718699754373720356e-02 4.449648329503905209e-02 7.393561510687469251e+01
8.200397206739706846e-03 2.931382644396005044e-02 7.411990844661274025e+01
7.009123288193058743e-03 2.398009308062445943e-02 7.419764907166100443e+01
2.451205686797186534e-03 2.659975858208574184e-02 7.419490181294011677e+01
4.689828933500478358e-03 2.398009308062445943e-02 7.420110957262993168e+01
4.689828933500478358e-03 2.794467613863951816e-02 7.416019982878337657e+01
4.689828933500478358e-03 2.931382644396005044e-02 7.415163422956581485e+01
1.064912692819669493e-02 3.504634361016184529e-02 7.405173872373208610e+01
1.449713077620054524e-02 3.807638839801136266e-02 7.399763118126615780e+01
2.891165681863372416e-04 2.659975858208574184e-02 7.422798357711060646e+01
9.413529362323896921e-03 3.807638839801136266e-02 7.405729395849330388e+01
3.560698787136967747e-03 2.659975858208574184e-02 7.418190151476815686e+01
7.009123288193058743e-03 2.794467613863951816e-02 7.414160422527780270e+01
9.413529362323896921e-03 3.212749312645357680e-02 7.408446874570472573e+01
9.413529362323896921e-03 2.931382644396005044e-02 7.411459167089560651e+01
1.360841777842569655e-03 2.144998879288834148e-02 7.425012979022346826e+01
2.451205686797186534e-03 2.527843607038376961e-02 7.420360629540134312e+01
5.839122118191875099e-03 2.931382644396005044e-02 7.413850126225314341e+01
2.451205686797186534e-03 2.398009308062445943e-02 7.421480030169588815e+01
1.718699754373720356e-02 3.807638839801136266e-02 7.398497398660495605e+01
1.190781977567459404e-02 3.357340517162388238e-02 7.405484025466492426e+01
4.689828933500478358e-03 2.659975858208574184e-02 7.417134645237040047e+01
1.190781977567459404e-02 3.212749312645357680e-02 7.407136368396872683e+01
7.009123288193058743e-03 3.212749312645357680e-02 7.410838676318496709e+01
7.009123288193058743e-03 3.504634361016184529e-02 7.409988664647725898e+01
1.449713077620054524e-02 4.122410482810745513e-02 7.397877338019902993e+01
7.009123288193058743e-03 3.070787039119549089e-02 7.411680584100388103e+01
9.413529362323896921e-03 3.504634361016184529e-02 7.406516020691798019e+01
7.009123288193058743e-03 2.931382644396005044e-02 7.412790259274518689e+01
1.190781977567459404e-02 3.807638839801136266e-02 7.402195542870765621e+01
