4.603701945894636549e-02 7.922102476838721596e-02 6.450402897234094723e+01
4.403621913881833327e-02 7.677220509946763860e-02 6.452498211456142485e+01
4.017260472753655942e-02 7.204742362061103411e-02 6.456691758087045230e+01
1.821090193183216854e-02 3.471017007983384639e-04 6.559355656868507367e+01
7.886989168895006119e-03 1.282275456082060394e-03 6.556962884748848808e+01
3.648263590777309218e-02 6.753987347411566367e-02 6.460889000332360865e+01
3.295486351964757588e-02 6.323490985105828521e-02 6.465089726525543767e+01
1.497975366251595719e-02 2.231618510688287982e-03 6.553679525979927689e+01
2.957882327724789540e-02 5.911917539824515511e-02 6.469293747859877897e+01
2.634493209768606903e-02 5.518046178211219455e-02 6.473500895441085845e+01
1.282275456082060394e-03 8.244124523194285015e-03 6.545546185094613634e+01
2.324439725542579160e-02 5.140758873929007766e-02 6.477711017774210234e+01
2.026913654820630684e-02 4.779029808998641604e-02 6.481923978613146176e+01
1.466524744917158118e-02 3.173223212345141486e-02 6.500174252818716525e+01
8.782983923320691888e-04 2.231618510688287982e-03 6.563806799966938854e+01
1.741170794820345868e-02 4.431916059823037823e-02 6.486139655114237712e+01
2.477851605758582543e-02 5.911917539824515511e-02 6.474413172684191409e+01
7.030591199569224958e-03 4.098549389822703226e-02 6.501394761292355895e+01
2.324439725542579160e-02 5.518046178211219455e-02 6.476571551407414518e+01
2.026913654820630684e-02 5.140758873929007766e-02 6.480713408504264805e+01
3.520012656225285363e-03 3.469915097822073857e-02 6.507103177464415467e+01
1.741170794820345868e-02 4.779029808998641604e-02 6.484862292671888895e+01
1.466524744917158118e-02 4.431916059823037823e-02 6.489017747044270834e+01
4.669120948190719211e-03 3.320169665057773334e-02 6.505256174032471961e+01
1.282275456082060394e-03 3.173223212345141486e-02 6.511156492526897921e+01
9.745293466223700629e-03 3.195455352387716053e-03 6.550668463691197019e+01
7.030591199569224958e-03 3.320169665057773334e-02 6.502158833901032153e+01
1.925947325340654492e-04 2.231618510688287982e-03 6.565991856446323993e+01
8.244124523194285015e-03 3.028997990238299631e-02 6.503305527424664945e+01
8.782983923320691888e-04 3.195455352387716053e-03 6.560005917175531920e+01
5.967253324547186488e-03 3.471017007983384639e-04 6.562333102867033574e+01
6.934989016574980014e-03 1.282275456082060394e-03 6.557928699728871891e+01
3.982988544254911778e-03 6.177325581395359810e-03 6.546048146504503507e+01
5.967253324547186488e-03 3.195455352387716053e-03 6.552953212170382358e+01
1.661962214506365609e-02 5.742176284811995046e-04 6.559564034813375599e+01
1.497975366251595719e-02 1.282275456082060394e-03 6.555312871065309821e+01
8.782983923320691888e-04 5.167958656330740030e-03 6.552792555319609846e+01
1.741170794820345868e-02 4.098549389822703226e-02 6.488463162661835781e+01
1.466524744917158118e-02 3.778128998268984184e-02 6.492702154124597769e+01
3.982988544254911778e-03 5.742176284811995046e-04 6.569202522426948576e+01
1.202341401676951249e-02 4.098549389822703226e-02 6.493179359214558133e+01
8.782983923320691888e-04 5.742176284811995046e-04 6.575951438633083512e+01
9.480340712681500914e-03 3.778128998268984184e-02 6.497346756104298038e+01
1.154506849434518145e-02 5.742176284811995046e-04 6.559673623638056483e+01
8.782983923320691888e-04 1.282275456082060394e-03 6.567733223187691749e+01
9.745293466223700629e-03 1.282275456082060394e-03 6.555562261372885757e+01
1.930885651815886228e-03 2.231618510688287982e-03 6.561833393103661649e+01
7.886989168895006119e-03 3.195455352387716053e-03 6.551459313752418723e+01
1.073988173593262707e-02 3.320169665057773334e-02 6.499063169832719211e+01
1.925947325340654492e-04 1.282275456082060394e-03 6.570082757484894387e+01
1.065232294468174135e-02 5.167958656330740030e-03 6.546491850057756778e+01
1.925947325340654492e-04 3.195455352387716053e-03 6.562025404702690423e+01
4.669120948190719211e-03 3.469915097822073857e-02 6.505048400502685979e+01
3.982988544254911778e-03 4.174120453190210966e-03 6.552004152277935134e+01
1.930885651815886228e-03 5.742176284811995046e-04 6.573492653168904098e+01
3.982988544254911778e-03 1.282275456082060394e-03 6.561942462504829621e+01
7.886989168895006119e-03 5.167958656330740030e-03 6.546500949916074319e+01
1.930885651815886228e-03 1.282275456082060394e-03 6.565596965099814497e+01
5.967253324547186488e-03 7.202588048586949787e-03 6.542339139581422103e+01
3.982988544254911778e-03 2.231618510688287982e-03 6.558499879331935745e+01
1.925947325340654492e-04 5.742176284811995046e-04 6.578626753270540917e+01
7.886989168895006119e-03 3.471017007983384639e-04 6.559911427513456772e+01
1.925947325340654492e-04 5.167958656330740030e-03 6.554477528796172692e+01
5.967253324547186488e-03 1.282275456082060394e-03 6.559077449538555982e+01
1.930885651815886228e-03 3.195455352387716053e-03 6.558196452596844495e+01
8.782983923320691888e-04 4.174120453190210966e-03 6.556333497471443650e+01
2.965632449274543947e-03 6.177325581395359810e-03 6.546964386992110008e+01
2.965632449274543947e-03 1.258101410598552738e-02 6.531591129545273589e+01
7.886989168895006119e-03 7.202588048586949787e-03 6.542113794108165337e+01
2.965632449274543947e-03 7.202588048586949787e-03 6.544031382999241941e+01
2.965632449274543947e-03 3.195455352387716053e-03 6.556591594068085271e+01
1.925947325340654492e-04 6.177325581395359810e-03 6.550902175599317445e+01
5.967253324547186488e-03 8.244124523194285015e-03 6.540045219220260719e+01
8.782983923320691888e-04 7.202588048586949787e-03 6.546117642577677032e+01
4.669120948190719211e-03 3.028997990238299631e-02 6.506366045003950660e+01
1.282275456082060394e-03 2.477851605758582543e-02 6.513600975236691681e+01
3.982988544254911778e-03 3.195455352387716053e-03 6.555186109552261087e+01
4.983388704318941764e-03 5.167958656330740030e-03 6.548067926636953473e+01
4.983388704318941764e-03 9.302325581395348708e-03 6.537952407229053620e+01
5.839122118191875099e-03 3.028997990238299631e-02 6.505141060003680309e+01
1.930885651815886228e-03 6.177325581395359810e-03 6.548075368160469623e+01
1.282275456082060394e-03 2.887419102482041700e-02 6.511478651189516142e+01
1.466524744917158118e-02 4.098549389822703226e-02 6.490357936245749215e+01
1.930885651815886228e-03 5.167958656330740030e-03 6.551314351232294086e+01
2.391242564117629366e-03 3.028997990238299631e-02 6.509402840496676390e+01
1.202341401676951249e-02 3.778128998268984184e-02 6.494578721413490996e+01
1.925947325340654492e-04 1.258101410598552738e-02 6.532437372146556243e+01
1.073988173593262707e-02 3.469915097822073857e-02 6.497761837703679078e+01
5.839122118191875099e-03 2.216782265741873426e-02 6.514804188843855570e+01
3.982988544254911778e-03 1.037759439859964328e-02 6.535860778655531078e+01
5.839122118191875099e-03 3.173223212345141486e-02 6.504262019974616749e+01
1.282275456082060394e-03 2.748414376321353658e-02 6.511973587753676895e+01
9.480340712681500914e-03 3.028997990238299631e-02 6.502706654671969488e+01
3.520012656225285363e-03 2.216782265741873426e-02 6.515016447476580197e+01
1.925947325340654492e-04 2.748414376321353658e-02 6.513556049683695903e+01
1.925947325340654492e-04 1.037759439859964328e-02 6.538000121249424978e+01
3.520012656225285363e-03 3.173223212345141486e-02 6.507328664931141304e+01
3.520012656225285363e-03 2.477851605758582543e-02 6.511794259658547901e+01
1.930885651815886228e-03 8.244124523194285015e-03 6.542017727078892619e+01
8.244124523194285015e-03 2.748414376321353658e-02 6.506555643698534652e+01
9.480340712681500914e-03 3.622540250447228716e-02 6.497955058837028730e+01
5.839122118191875099e-03 2.748414376321353658e-02 6.507549225217576350e+01
3.520012656225285363e-03 3.028997990238299631e-02 6.507788412469386685e+01
1.202341401676951249e-02 3.173223212345141486e-02 6.500215833558397094e+01
8.244124523194285015e-03 2.887419102482041700e-02 6.504826207424186180e+01
5.839122118191875099e-03 2.477851605758582543e-02 6.510784970164539232e+01
5.839122118191875099e-03 2.346161761679357860e-02 6.512699277981703005e+01
9.480340712681500914e-03 3.320169665057773334e-02 6.499880489207238554e+01
4.669120948190719211e-03 2.477851605758582543e-02 6.511187200068221159e+01
7.030591199569224958e-03 2.748414376321353658e-02 6.506946150889397984e+01
2.965632449274543947e-03 1.147034726161214047e-02 6.533770362917266539e+01
8.244124523194285015e-03 3.173223212345141486e-02 6.501999536867303675e+01
7.030591199569224958e-03 3.469915097822073857e-02 6.501519599510693581e+01
2.965632449274543947e-03 9.302325581395348708e-03 6.538599542563557065e+01
5.839122118191875099e-03 2.887419102482041700e-02 6.506238809958416880e+01
1.073988173593262707e-02 2.887419102482041700e-02 6.504280242131673617e+01
5.967253324547186488e-03 5.167958656330740030e-03 6.547365251028239186e+01
9.480340712681500914e-03 3.469915097822073857e-02 6.498801919269649829e+01
3.520012656225285363e-03 1.964715316760223818e-02 6.518994732269484871e+01
8.782983923320691888e-04 9.302325581395348708e-03 6.540007273546747513e+01
8.782983923320691888e-04 1.147034726161214047e-02 6.534489263704567463e+01
3.982988544254911778e-03 9.302325581395348708e-03 6.538183331726274616e+01
4.669120948190719211e-03 2.216782265741873426e-02 6.514806041772335732e+01
1.282275456082060394e-03 2.216782265741873426e-02 6.516040627207232205e+01
4.669120948190719211e-03 2.748414376321353658e-02 6.508359030297337711e+01
7.030591199569224958e-03 2.477851605758582543e-02 6.510593298426753961e+01
9.480340712681500914e-03 2.748414376321353658e-02 6.506383761992414350e+01
2.391242564117629366e-03 3.173223212345141486e-02 6.509149996298633312e+01
8.244124523194285015e-03 2.611914239821216954e-02 6.508488120400717492e+01
3.982988544254911778e-03 7.202588048586949787e-03 6.543280582424280567e+01
1.930885651815886228e-03 1.037759439859964328e-02 6.536543341297341669e+01
3.982988544254911778e-03 5.167958656330740030e-03 6.548957100836234702e+01
1.925947325340654492e-04 1.485788113695091228e-02 6.527506705876662352e+01
1.925947325340654492e-04 1.964715316760223818e-02 6.519673883177348728e+01
5.967253324547186488e-03 9.302325581395348708e-03 6.537902110444549919e+01
1.925947325340654492e-04 2.887419102482041700e-02 6.513260572167133944e+01
1.930885651815886228e-03 7.202588048586949787e-03 6.544975379668291282e+01
3.520012656225285363e-03 2.887419102482041700e-02 6.508470890059784608e+01
1.925947325340654492e-04 2.216782265741873426e-02 6.516843748547536563e+01
3.982988544254911778e-03 1.147034726161214047e-02 6.533693892184426488e+01
2.391242564117629366e-03 2.477851605758582543e-02 6.512600626545177818e+01
1.925947325340654492e-04 2.477851605758582543e-02 6.514790168438192097e+01
8.782983923320691888e-04 1.485788113695091228e-02 6.527388398157496852e+01
1.925947325340654492e-04 2.611914239821216954e-02 6.514067871940962107e+01
1.282275456082060394e-03 1.964715316760223818e-02 6.519250014839202834e+01
8.782983923320691888e-04 6.177325581395359810e-03 6.549386200631231247e+01
2.391242564117629366e-03 2.748414376321353658e-02 6.510576537053800905e+01
8.782983923320691888e-04 1.037759439859964328e-02 6.537172414184536251e+01
1.282275456082060394e-03 1.841913469820447014e-02 6.521130876683628230e+01
1.925947325340654492e-04 1.147034726161214047e-02 6.535141683636426535e+01
2.391242564117629366e-03 2.887419102482041700e-02 6.509880424682746991e+01
5.839122118191875099e-03 2.611914239821216954e-02 6.509066482571448375e+01
1.925947325340654492e-04 7.202588048586949787e-03 6.547463421017400265e+01
1.282275456082060394e-03 1.721193010116936484e-02 6.523189536696078505e+01
1.925947325340654492e-04 9.302325581395348708e-03 6.541008948357058728e+01
1.930885651815886228e-03 1.258101410598552738e-02 6.531681190671706361e+01
9.480340712681500914e-03 2.887419102482041700e-02 6.504441807522592001e+01
7.030591199569224958e-03 3.028997990238299631e-02 6.504118977982952288e+01
7.030591199569224958e-03 3.173223212345141486e-02 6.503027446677442924e+01
1.202341401676951249e-02 3.469915097822073857e-02 6.496942494725831807e+01
2.391242564117629366e-03 2.216782265741873426e-02 6.515429783337633296e+01
1.925947325340654492e-04 2.346161761679357860e-02 6.515717279838382581e+01
4.669120948190719211e-03 3.173223212345141486e-02 6.505697582231395870e+01
2.391242564117629366e-03 2.611914239821216954e-02 6.511485193355377987e+01
3.520012656225285363e-03 2.346161761679357860e-02 6.513308301066574302e+01
1.930885651815886228e-03 1.147034726161214047e-02 6.534033850681940692e+01
1.930885651815886228e-03 9.302325581395348708e-03 6.539205860107072965e+01
1.282275456082060394e-03 2.611914239821216954e-02 6.512682968693218299e+01
4.669120948190719211e-03 2.611914239821216954e-02 6.509671575578619240e+01
1.282275456082060394e-03 2.346161761679357860e-02 6.514721997911654228e+01
1.925947325340654492e-04 1.841913469820447014e-02 6.521367564657721516e+01
1.930885651815886228e-03 1.371003908001794391e-02 6.529489291193421252e+01
2.391242564117629366e-03 1.964715316760223818e-02 6.519021856612711474e+01
2.391242564117629366e-03 2.346161761679357860e-02 6.513917277015208640e+01
2.391242564117629366e-03 1.841913469820447014e-02 6.521091615021647669e+01
8.782983923320691888e-04 1.371003908001794391e-02 6.529593293880324723e+01
7.030591199569224958e-03 2.887419102482041700e-02 6.505427209018351675e+01
1.925947325340654492e-04 1.721193010116936484e-02 6.523240618959862047e+01
1.925947325340654492e-04 1.602501465702560468e-02 6.525288472366239034e+01
7.030591199569224958e-03 2.611914239821216954e-02 6.508670034067768029e+01
4.669120948190719211e-03 2.089652847994608043e-02 6.516898914475125082e+01
4.669120948190719211e-03 2.887419102482041700e-02 6.507255227808725806e+01
4.669120948190719211e-03 2.346161761679357860e-02 6.512900443886780977e+01
2.391242564117629366e-03 2.089652847994608043e-02 6.517132973501857407e+01
3.520012656225285363e-03 2.089652847994608043e-02 6.516913573258402437e+01
1.282275456082060394e-03 2.089652847994608043e-02 6.517551644732353111e+01
1.925947325340654492e-04 2.089652847994608043e-02 6.518164309794023836e+01
3.520012656225285363e-03 2.611914239821216954e-02 6.510479636597375475e+01
1.925947325340654492e-04 1.371003908001794391e-02 6.529891048712660506e+01
9.480340712681500914e-03 3.173223212345141486e-02 6.501184180881023167e+01
